t	RE_E	IM_E	RE_P	IM_P	Alpha
0	4.196877537916312e-06	-9.981736049153306e-06	0.04157610600131369	0.11335144427509752	7596.867309518613
1	3.4126730432421414e-06	-1.0462431861701222e-05	-0.0869733278082569	0.08058050650002314	-5242.868400300079
2	2.5984786889205965e-06	-1.088665714138227e-05	-0.11269236331128041	-0.05060711125608169	-10843.21460332729
3	1.7604680514873321e-06	-1.1253178577737156e-05	-0.004609185846520876	-0.13019165260981413	-2166.4930184615414
4	9.050297537961183e-07	-1.1561432121629342e-05	0.11378663840566741	-0.06563165102158097	9340.301936399592
5	3.8719056447919727e-08	-1.1811551952053216e-05	0.10518903845169054	0.07015269789320122	8924.980503763458
6	-8.317921029929704e-07	-1.2004396026267e-05	-0.022774280148463846	0.12070554361620932	-2581.4924216173094
7	-1.699766245125297e-06	-1.2141568142980562e-05	-0.12416803534106914	0.025903565564098258	-10323.044729097644
8	-2.5584522688091467e-06	-1.2225436486790197e-05	-0.08159417792791063	-0.10695692927179981	-4640.050486058037
9	-3.4011377584156834e-06	-1.225914865725442e-05	0.057438679408263874	-0.12481327840658385	6973.279800994157
10	-4.221201275292468e-06	-1.2246643229557221e-05	0.1329685428485569	-0.005364631802408794	9839.542305075433
11	-5.012164228024425e-06	-1.2192657929616366e-05	0.056063423396817004	0.11505341194348595	615.110420304486
12	-5.767741916896565e-06	-1.2102734549222495e-05	-0.08705864755029472	0.09685344869456586	-8969.87991055376
13	-6.481893352218592e-06	-1.198322076575589e-05	-0.13209146089236448	-0.0411881476320443	-7089.521478640174
14	-7.1488694528109155e-06	-1.1841269071706512e-05	-0.025691876089016838	-0.1411375260258504	3683.577299522482
15	-7.76325924168823e-06	-1.1684833058872975e-05	0.11093875714512039	-0.0865941559434468	10002.634921042063
16	-8.320033668675561e-06	-1.1522661340633567e-05	0.11961297737646914	0.061786980862357975	4278.281237073421
17	-8.814586706248886e-06	-1.1364289433530479e-05	-0.01218471039270641	0.1336467090170921	-6364.753130990785
18	-9.242773383736003e-06	-1.1220029957394681e-05	-0.13437355461895342	0.04447378976539501	-9079.856355999696
19	-9.600944446784338e-06	-1.110096154499589e-05	-0.10544421406591348	-0.10504020233356635	-752.2743060369413
20	-9.885977353233647e-06	-1.1018916890575739e-05	0.043425249626768365	-0.14255576584449844	8614.237894003847
21	-1.0095303343420907e-05	-1.098647039195702e-05	0.1415634624386359	-0.022586894171909726	8010.614101945674
22	-1.02269303515447e-05	-1.1016925876056205e-05	0.07421252907070819	0.11859712238245684	-1749.3616131622816
23	-1.0279461555885215e-05	-1.1124304919042542e-05	-0.08348882631191622	0.11775536439374801	-9324.558926506174
24	-1.0252109398150374e-05	-1.1323336299975116e-05	-0.15027449076774532	-0.026585897540126517	-6124.740499083993
25	-1.0144704936527835e-05	-1.1629447146380823e-05	-0.04700178172253186	-0.1495775834069925	4076.3329947311563
26	-9.957702432328779e-06	-1.2058756349248078e-05	0.10978246368114669	-0.10820767400272027	9818.64200118546
27	-9.692179106786287e-06	-1.262807083904423e-05	0.13945656503877663	0.05248595419259374	4942.115018370999
28	-9.349830041542921e-06	-1.3354885329129646e-05	0.005601239125706099	0.1482176344080357	-4932.8160375347625
29	-8.932958234157636e-06	-1.4257386137418683e-05	-0.1391236573848761	0.0665969695812074	-9108.843551386692
30	-8.444459857668159e-06	-1.5354459707802226e-05	-0.1265254923488215	-0.10121101658550713	-3543.3748218902183
31	-7.887804810958275e-06	-1.6665706450678854e-05	0.0323387872426622	-0.1624369745018968	5354.166833637517
32	-7.2670126838951025e-06	-1.8211460522954798e-05	0.1566162733946063	-0.04440796560394339	8257.994177905539
33	-6.58662429761353e-06	-2.0012816163668256e-05	0.10223281221026523	0.11885142417123386	2845.5664695440387
34	-5.851669016038863e-06	-2.2091661190697217e-05	-0.07024689001874837	0.13812815064184947	-4518.907074253255
35	-5.067628058656201e-06	-2.447071825688421e-05	-0.16192033557616853	-0.01252277955948116	-6243.179244747612
36	-4.2403940774537205e-06	-2.7173594445418473e-05	-0.06364163473107746	-0.162489820927333	-1375.4250206528334
37	-3.376227291465306e-06	-3.0224839769361743e-05	0.11554072014452917	-0.1387316790284068	4281.996753580277
38	-2.481708501321393e-06	-3.3650015118644887e-05	0.17059475161393875	0.03341521050806065	4969.41295356023
39	-1.5636893324406863e-06	-3.747577017422406e-05	0.03656616498463449	0.15562497211887175	801.061432665742
40	-6.292400792970826e-07	-4.172993178306599e-05	-0.13315617064511553	0.08327194546337277	-3220.2607793387792
41	3.1440445547541124e-07	-4.6441603258905847e-05	-0.14042574035628383	-0.10556815459390236	-3038.955304672948
42	1.2599007156422252e-06	-5.1641275041932374e-05	0.028518252415732977	-0.19616000831825567	459.29126615325407
43	2.1998533125706753e-06	-5.7360947117603244e-05	0.18319494705665668	-0.08362560930158205	3133.202763094014
44	3.1268726746242733e-06	-6.363426355959999e-05	0.14577346139325245	0.10288705525325714	2364.5411731653962
45	4.033632977588142e-06	-7.04966595233846e-05	-0.04208531306915222	0.14516266409241582	-477.6007982177497
46	4.912929904071763e-06	-7.798552097977877e-05	-0.16284907844715643	-0.012538050666817915	-2090.0299727118527
47	5.757737778238284e-06	-8.614035743561126e-05	-0.07198545812463472	-0.19517224740828282	-982.7313017654374
48	6.561265624247342e-06	-9.500298784985131e-05	0.1324731428523239	-0.1952174294740915	1246.548381187626
49	7.317011702478231e-06	-0.00010461773990813576	0.21841569465413999	-0.013150063765097288	2068.838752689823
50	8.01881608648206e-06	-0.0001150316627789362	0.08640416076299517	0.1383451421717678	830.9335560349177
51	8.660910856346587e-06	-0.00012629475342799056	-0.11166679628756834	0.07670392272503741	-838.5827930214045
52	9.237967500232168e-06	-0.00013846019652665815	-0.14331038459577966	-0.13759255895152955	-1096.449882665177
53	9.745141134934178e-06	-0.00015158461794407595	0.03611954306920845	-0.2656627654051082	125.09266173678887
54	1.0178111178961311e-05	-0.00016572835176979612	0.2270413282569181	-0.1638372790077242	1304.3274804822736
55	1.0533118137218861e-05	-0.0001809557207713693	0.2119206631670147	0.046882364493510686	1182.1940908896677
56	1.0806996184460404e-05	-0.0001973353301456481	0.007924621186561912	0.11507908467455716	71.87939127143551
57	1.0997201266098461e-05	-0.00021494037438368014	-0.14722824136765733	-0.051818394471140325	-695.4866130619416
58	1.1101834468066665e-05	-0.0002338489570235098	-0.06636884339033622	-0.27588365592659114	-339.0545357190207
59	1.1119660443218955e-05	-0.00025414442302740205	0.16800748295028678	-0.3089914478961073	606.713702707621
60	1.1050120719304266e-05	-0.00027591570347906754	0.2928762428811086	-0.119938638165976	1042.3891221238205
61	1.0893341752632779e-05	-0.00029925767225500127	0.1662717511826845	0.06350416868012455	562.5930759698946
62	1.0650137632082778e-05	-0.0003242715142906089	-0.06415504404372786	0.01294179221685093	-196.3210464161749
63	1.0322007379780354e-05	-0.00035106510501911397	-0.12534250887104784	-0.23470874982053055	-376.3666203448327
64	9.91112683673629e-06	-0.0003797534005301227	0.0664921724554486	-0.41312688515019114	146.60070174895114
65	9.420335164647688e-06	-0.0004104588379549471	0.3030633766437544	-0.33071777193416346	719.4816538716628
66	8.85311603757215e-06	-0.00044331174555462655	0.31868303839013	-0.09610662762152442	714.2546359955186
67	8.213573639578983e-06	-0.00047845076195092884	0.0984169290553914	-0.00010726192997284004	205.63472876334754
68	7.506403626304175e-06	-0.0005160232639078373	-0.09725754789813223	-0.18197473061137703	-193.56401076321964
69	6.736859249073328e-06	-0.0005561858020392204	-0.02817000077909884	-0.46271712877439436	-60.716681716846985
70	5.910712879769225e-06	-0.0005991045437843124	0.24483401267661692	-0.5446444609118215	399.6586151107555
71	5.0342132125943055e-06	-0.000644955722962813	0.4219336596715113	-0.3553201528720184	649.8657982531624
72	4.114038454705704e-06	-0.0006939260951863412	0.3070603575996187	-0.1391268528100876	441.29304717361475
73	3.157245851594825e-06	-0.0007462133983730899	0.04007925933717933	-0.18194227719145808	52.67763058715074
74	2.1712179243231916e-06	-0.0008020268175775296	-0.05590136020452269	-0.4788076196988771	-71.31575952050432
75	1.1636058240112756e-06	-0.0008615874533141638	0.15400109825163585	-0.7306487227145999	177.59549580604352
76	1.422702348804589e-07	-0.0009251287925190703	0.4528428144867296	-0.6843964895861956	489.3778661325468
77	-8.847797212678326e-07	-0.0009928971812568975	0.5139065339561105	-0.43051577978048167	517.9688006089362
78	-1.9094491067476856e-06	-0.001065152298243489	0.27909287528830784	-0.3090266896353072	262.54081682622484
79	-2.9236208288709587e-06	-0.0011421676282139753	0.03614879066175555	-0.5206649863026239	32.81593424732178
80	-3.919219841350455e-06	-0.0012242309341258136	0.09418827473296378	-0.8875281719158624	79.2567695495739
81	-4.888277379987806e-06	-0.0013116447271413088	0.4228575367847329	-1.0482151154088604	325.36106805820543
82	-5.822994723003688e-06	-0.0014047267332878267	0.6758114427978434	-0.8746486082893237	483.6708954854635
83	-6.715805966758081e-06	-0.001503810355644735	0.5848919163642727	-0.6309908088107138	390.80600126739256
84	-7.559439311986837e-06	-0.0016092451308537309	0.2773694022297486	-0.6792299941346667	174.3388208785032
85	-8.346976364549498e-06	-0.0017213971786934235	0.14201958455731833	-1.0591123844586805	85.48388141630535
86	-9.071908966913607e-06	-0.0018406496434003323	0.38365670424058873	-1.42952521183524	212.25812181816013
87	-9.728193093275118e-06	-0.0019674031253557466	0.7758453360546936	-1.454052537356243	397.9947049364524
88	-1.031029936164162e-05	-0.002102076101692209	0.909446792813493	-1.196493780447712	435.42351112772883
89	-1.0813259739969914e-05	-0.0022451053343030187	0.6656817558614528	-1.0630575582762616	298.7771951998336
90	-1.1232710051305967e-05	-0.002396946263666089	0.36814745580048525	-1.3403021346340045	156.20718796923038
91	-1.1564927913725185e-05	-0.002558073386814361	0.4218667348823245	-1.8539423985590433	168.18889117526425
92	-1.1806865784746084e-05	-0.002728980617706874	0.8409828912145955	-2.154279710986324	311.576933344276
93	-1.1956178817022677e-05	-0.0029101816281686776	1.2149196848428296	-2.0336904386364916	420.3360476324145
94	-1.2011247271625843e-05	-0.0031022101674814968	1.172550545759492	-1.7830519691603184	380.19234185591534
95	-1.1971193276792041e-05	-0.0033056203586163285	0.8216304626416482	-1.873575584666413	250.60490902698024
96	-1.183589176424432e-05	-0.003520986969006849	0.6453856829964445	-2.4111832433623404	185.5966981319002
97	-1.160597546022683e-05	-0.003748905653666316	0.9517014744374639	-2.994660633477286	256.33166425300095
98	-1.1282833855438106e-05	-0.003989993168354281	1.5014489053388351	-3.164709602346563	378.5434899886239
99	-1.0868606125614143e-05	-0.004244887550400328	1.7631237706217062	-2.944771138659775	417.1257615456355
100	-1.036616802272758e-05	-0.004514248264692464	1.526244836822896	-2.8406008424881817	339.5381908644633
101	-9.779112805389e-06	-0.004798756312238677	1.1688534821220307	-3.2700364619043376	244.96189125927583
102	-9.111726324889896e-06	-0.00509911429860974	1.2440779130660826	-4.065013398079593	245.402968327745
103	-8.36895643131729e-06	-0.005416046459474166	1.8357923312480269	-4.638604822974091	340.27691353026586
104	-7.556376910538995e-06	-0.005750298640339166	2.4321874358299516	-4.658409055248391	424.0309799242782
105	-6.680146208102088e-06	-0.006102638227518383	2.498241114911237	-4.459461761959558	410.17007630608805
106	-5.746961239861676e-06	-0.006473854027257725	2.1120829154966705	-4.691058991366413	326.89115010166904
107	-4.764006630119327e-06	-0.006864756089864155	1.9143403243434527	-5.56731616614876	279.42770057327215
108	-3.738899757409421e-06	-0.007276175475605123	2.3850068405091718	-6.585368750004732	328.2480120331133
109	-2.679632023919771e-06	-0.007708963959071784	3.261588672482807	-7.07858655880891	423.40952799707304
110	-1.594506797669907e-06	-0.008163993668635513	3.801556200800561	-7.005707087945271	465.8166691858794
111	-4.920745064372299e-07	-0.008642156657570807	3.638835390090736	-7.052469233764227	421.10286610328217
112	6.189346120820951e-07	-0.009144364403372676	3.257465578754667	-7.87148092828242	356.16830655862566
113	1.729679576710869e-06	-0.009671547231761942	3.4853645968100375	-9.300441118226388	360.2010197247122
114	2.8312790009972605e-06	-0.010224653661851057	4.53299011709996	-10.4937213288619	443.05500546224744
115	3.914882144598883e-06	-0.010804649668933073	5.691499131027842	-10.889407522902157	526.3986307644428
116	4.971740109927261e-06	-0.01141251786136627	6.114515548741172	-10.925174468920153	535.3555656354644
117	5.993276611085774e-06	-0.01204925656804844	5.845920007825613	-11.615672593441774	484.68890318442175
118	6.9711577424793864e-06	-0.012715878833015138	5.877030033045749	-13.386854726316189	461.60311392933545
119	7.897360178430725e-06	-0.013413411313757317	7.061057855611362	-15.500835799742394	525.7371806060054
120	8.764237244482117e-06	-0.014142893079930328	9.077165242511416	-16.837830624654476	641.0801128939428
121	9.564582314631817e-06	-0.014905374309228274	10.71749352476692	-17.244296229180517	718.2928423303617
122	1.0291689006995503e-05	-0.015701914877316505	11.32040471806329	-17.86653393672173	720.2108454713517
123	1.093940767303826e-05	-0.01653358283886226	11.749366204105575	-19.914823844979587	709.8391547986688
124	1.1502197702053609e-05	-0.01740145279686861	13.644070954373987	-23.147385333333283	783.1969522040021
125	1.1975175193970525e-05	-0.018306604157711872	17.605063949875795	-25.908539750864865	960.752104993154
126	1.2354155587879078e-05	-0.01925011926949832	22.416910261016554	-26.933112772681387	1163.6092145079306
127	1.2635690872184885e-05	-0.020233081441601228	26.52283881703766	-26.93808997588809	1310.0330537241532
128	1.2817101043880438e-05	-0.021256572843508504	30.37182056172193	-27.82138291391114	1428.030485276104
129	1.289649952917018e-05	-0.022321672281408855	36.747809532420106	-29.73992022888604	1645.513578253373
130	1.2872812324566685e-05	-0.023429452851268157	47.81336396724163	-29.11046774252898	2040.054273456567
131	1.274579066775113e-05	-0.024580979467498588	61.1881405786341	-20.488885143284786	2488.81458378292
132	1.2516017098080735e-05	-0.0257773062667034	69.29723449330059	-1.7639800926012907	2688.2700988810166
133	1.2184904820298445e-05	-0.02701947388638485	63.96403828971889	21.72943118719935	2367.6931984576713
134	1.1754690338444366e-05	-0.028308506618935383	43.32703754925413	38.68257791785066	1531.097808516986
135	1.1228419381752067e-05	-0.029645409441692906	15.191018112176764	38.949626119823215	512.9215172884301
136	1.0609926199099949e-05	-0.03103116492432463	-6.849477895028506	21.158997620900166	-220.49583370889346
137	9.903806352871862e-06	-0.032466730015314256	-12.230160307424867	-5.527416270178635	-376.7501461621245
138	9.115383197253222e-06	-0.03395303270986202	-0.4436838377037288	-27.36657081572849	-13.283965600241174
139	8.250668278185816e-06	-0.035490968602063244	19.254848360416737	-35.20503817695257	542.2974880932913
140	7.316315943463957e-06	-0.037081397324809806	35.015636597079016	-29.758606642665793	944.1328067827762
141	6.319572500521789e-06	-0.0387251388814583	40.49254454612503	-19.31825851368661	1045.558313855476
142	5.268220305713057e-06	-0.04042296987392312	37.674614661840266	-12.522607601309085	931.9696722097844
143	4.170517213029377e-06	-0.0421756196324888	33.15972029849508	-12.442386948391906	786.2004139679796
144	3.0351318500879814e-06	-0.04398376625328236	32.002981026110824	-16.241938609806052	727.5834430054965
145	1.8710752267992521e-06	-0.045848032550005004	34.49477278845502	-19.42100341147561	752.3546428088516
146	6.876292146016491e-07	-0.04776898192719431	37.73114765442528	-20.072350044742123	789.8610601509821
147	-5.057275370178205e-07	-0.049747114182963	39.3824180394347	-19.583121494485784	791.6563154174921
148	-1.6993956552118417e-06	-0.051782861249842174	39.751891919377556	-20.13648818695447	767.6777943667488
149	-2.8837324595322706e-06	-0.05387658288303911	40.68467827680036	-22.177338247419446	755.1678859404097
150	-4.0491301124641375e-06	-0.05602856230610103	43.17714289232326	-24.30589877423823	770.6587043006741
151	-5.186093870653715e-06	-0.058239001824652886	46.39614639496827	-25.1572600271805	796.6892424118018
152	-6.2853197965241355e-06	-0.06050801841954442	48.85234436040771	-24.91692492992204	807.4125277152757
153	-7.337771291729822e-06	-0.0628356393314006	50.11506880317248	-24.924480135679655	797.6043414931567
154	-8.334753819836249e-06	-0.06522179764920943	51.148734239972086	-26.07535958242426	784.2786835477579
155	-9.26798719657685e-06	-0.06766632791620614	53.09358386863322	-27.90406425042494	784.694639359498
156	-1.0129674842817897e-05	-0.07016896176691524	56.001241636695184	-29.254177792421952	798.1515220860338
157	-1.0912569416830354e-05	-0.07272932360978267	58.89935332519045	-29.623855318711634	809.9043679406526
158	-1.1610034268910867e-05	-0.07534692637038386	60.96764209838139	-29.65085796940893	809.2195982006991
159	-1.2216100192976836e-05	-0.07802116731069947	62.427436523352966	-30.299301013882502	800.1953986711032
160	-1.272551698524592e-05	-0.08075132394042871	64.20135244685345	-31.766074457311806	795.1121257438402
161	-1.3133799360387754e-05	-0.08353655003674547	66.83229184510328	-33.331458948576966	800.0992452829062
162	-1.343726681970508e-05	-0.08637587178929207	69.91536558408839	-34.23292579162507	809.4932991075322
163	-1.3633077113109753e-05	-0.0892681840875465	72.62358227455682	-34.51280066100822	813.6028769193293
164	-1.3719252988268523e-05	-0.09221224696799002	74.65779478109155	-34.9077002272214	809.6862306125889
165	-1.3694701973509854e-05	-0.09520668223873786	76.53859140397107	-35.9775755217234	803.9747116496294
166	-1.355922899741183e-05	-0.09824997029947158	78.96735722528595	-37.495233021347936	803.791900418766
167	-1.3313541706075682e-05	-0.10134044717462502	82.0321227056843	-38.75334925437102	809.5209245219852
168	-1.2959248399246724e-05	-0.10447630177782913	85.14977111004525	-39.38389947633476	815.0619186619274
169	-1.2498848565895567e-05	-0.1076555734256022	87.75870659038046	-39.74537332007168	815.2231887869585
170	-1.1935716062469102e-05	-0.11087614961818335	89.9427330782489	-40.475768074572926	811.2392928962464
171	-1.1274075036721786e-05	-0.11413576410525016	92.29629137383776	-41.761809090210704	808.6896892902982
172	-1.0518968761967007e-05	-0.11743199525402397	95.22788009612125	-43.15587962884873	810.9522861560487
173	-9.676221604855494e-06	-0.1207622647369575	98.51184867329688	-44.11207815891576	815.7795217626349
174	-8.752394409090232e-06	-0.12412383655580984	101.57434529288281	-44.60153586526775	818.3560274366292
175	-7.75473363248044e-06	-0.12751381641844553	104.15273898863191	-45.11530439690565	816.817229766691
176	-6.691114628800819e-06	-0.13092915148414339	106.57101186120398	-46.08509274292998	813.9773728505223
177	-5.569979516356252e-06	-0.1343666304925799	109.3435120522037	-47.40079967433325	813.7844671468945
178	-4.400270122316392e-06	-0.13782288429092537	112.58542774787428	-48.559892266789326	816.8961096964575
179	-3.1913565349697605e-06	-0.14129438677271874	115.90008925510394	-49.249403405183	820.2817126617309
180	-1.952961835132398e-06	-0.14477745624129773	118.84594104990565	-49.68692348356717	820.891693781845
181	-6.950836131971935e-07	-0.14826825720962006	121.43162360019917	-50.34973626063553	819.0010587775512
182	5.720870933527793e-07	-0.15176280264727396	124.08228607966586	-51.424745868127154	817.6054346787641
183	1.8382487814787043e-06	-0.15525695668437417	127.1391746506415	-52.60959559223157	818.8911753017047
184	3.0930737042658633e-06	-0.15874643778085246	130.47553578848056	-53.47267624912385	821.9050183530256
185	4.326292640123286e-06	-0.16222682236839947	133.65544192430858	-53.94294131248119	823.8711781345133
186	5.5277795089184315e-06	-0.16569354897099392	136.43370060210344	-54.373195318241315	823.3989031443583
187	6.6876351332478795e-06	-0.1691419228085535	139.02017049895088	-55.123537755935345	821.9014450448517
188	7.796269445781096e-06	-0.17256712088680448	141.82067936402646	-56.153478756819155	821.8143840697008
189	8.844481454479095e-06	-0.17596419757494058	144.9673029289878	-57.081632847330525	823.8291394996876
190	9.82353629282242e-06	-0.17932809067108632	148.1753990461733	-57.62733018472774	826.2634216427291
191	1.0725238702969007e-05	-0.18265362795395837	151.0758754319819	-57.9217744944654	827.0981282693047
192	1.1542002327495273e-05	-0.18593553421745881	153.6301412190588	-58.34294408836945	826.2353918439273
193	1.2266914217275492e-05	-0.1891684387832458	156.15675584695754	-59.07812121436144	825.4702802665047
194	1.2893794000100755e-05	-0.19234688348457643	158.95389294445377	-59.91747557813424	826.3709441948725
195	1.341724719784956e-05	-0.19546533111298164	161.95812508057827	-60.503347641500234	828.5559914315181
196	1.383271222562664e-05	-0.19851817431753419	164.8234113614638	-60.737812779897915	830.2473006690365
197	1.4136500658209233e-05	-0.20149974494469275	167.31657797383735	-60.882869218564856	830.3350749756156
198	1.4325830402892315e-05	-0.2044043238048982	169.5718666927336	-61.25054352519377	829.5694039787802
199	1.4398851476467186e-05	-0.20722615085030255	171.92168646005808	-61.8467319799391	829.6124189989267
200	1.4354664144155844e-05	-0.20995943574622217	174.50876921888664	-62.372793574675256	831.1343733282077
201	1.4193329241671334e-05	-0.21259836881712282	177.1252221509256	-62.57153433432923	833.1251316469936
202	1.3915870566209387e-05	-0.21513713234620505	179.45325192315215	-62.51543372535194	834.1154568919236
203	1.3524269288348737e-05	-0.21756991220591956	181.42274606552724	-62.51294882656576	833.8416727053481
204	1.3021450403140409e-05	-0.2198909097950725	183.27760785077652	-62.75066197149508	833.4764334928955
205	1.2411261306126487e-05	-0.22209435425652965	185.28463334348362	-63.08420654658302	834.2450129407499
206	1.1698442645865727e-05	-0.22417451494795415	187.42510966997136	-63.210154285869386	836.0531553313871
207	1.0888591670000488e-05	-0.22612571413648047	189.4187740231638	-63.0130721245073	837.6567877295173
208	9.988118345976324e-06	-0.22794233988677773	191.0433764032055	-62.68970873638742	838.1094497620717
209	9.004194598919953e-06	-0.22961885911057478	192.37949963910674	-62.516043615562474	837.810311426176
210	7.944697068355365e-06	-0.23114983074442638	193.70543768442872	-62.53113979453442	837.998832253372
211	6.818143841158044e-06	-0.2325299190212951	195.17096675688833	-62.49829926845129	839.3291274597029
212	5.633625670480559e-06	-0.2337539068004155	196.62575701894127	-62.17994477009538	841.1592388670218
213	4.400732238472059e-06	-0.23481670891890935	197.79273544010223	-61.606203281532565	842.3232814688984
214	3.1294740639920864e-06	-0.2357133855277268	198.58069124532935	-61.03289607975661	842.463318135029
215	1.8302006953685205e-06	-0.2364391553737098	199.17804080404505	-60.64474038970769	842.4051889609719
216	5.13515861386213e-07	-0.2369894089889281	199.82711684522647	-60.346949341342864	843.1895203047584
217	-8.098097183898965e-07	-0.23735972174790257	200.54317990715126	-59.87933311514083	844.8922282211955
218	-2.128927141100209e-06	-0.2375458667529463	201.09830931954116	-59.11531230022581	846.5684621412058
219	-3.432999007074107e-06	-0.23754382750758174	201.28184667270017	-58.201980040275586	847.3496865039616
220	-4.7112892366761115e-06	-0.2373498103378863	201.1350488086766	-57.38620304299748	847.425104464838
221	-5.953252266080659e-06	-0.236960256521629	200.89428177300564	-56.7317714244247	847.8033822690388
222	-7.148620872795669e-06	-0.23637185408523814	200.71426073965222	-56.05127725531865	849.1533668337787
223	-8.28749189184724e-06	-0.2355815492289467	200.49076571384015	-55.12495239975122	851.0543603914418
224	-9.36040909871722e-06	-0.23458655734093262	199.98179566239187	-53.95125752679066	852.4953448281751
225	-1.0358442557364809e-05	-0.23338437356187708	199.08266594928526	-52.74392883868861	853.0348604108195
226	-1.127326375925367e-05	-0.23197278286213047	197.93909659211633	-51.68465585111939	853.2966903271017
227	-1.2097215913251656e-05	-0.23034986959457887	196.77352429567597	-50.71785727862925	854.2491803185922
228	-1.2823378785323395e-05	-0.22851402648737157	195.6283895832327	-49.619747034963254	856.1013800976467
229	-1.3445627531640019e-05	-0.22646396304186586	194.3199129474806	-48.257139337695854	858.0737295998873
230	-1.3958685017587551e-05	-0.22419871330248864	192.65027670598937	-46.73775543630203	859.2965723544056
231	-1.4358167169518287e-05	-0.2217176429667186	190.63148808346796	-45.283572577707666	859.807172955417
232	-1.4640620963321294e-05	-0.21902045580498863	188.46624714452182	-43.977102087011794	860.5095140494309
233	-1.4803554715255985e-05	-0.2161071993620925	186.31273027575693	-42.67169525148193	862.144588446656
234	-1.4845460405115926e-05	-0.21297826991353366	184.10523043285536	-41.16439804281193	864.4454616930805
235	-1.4765827827853576e-05	-0.2096344166522812	181.6334212917248	-39.42937323769962	866.4426411555866
236	-1.4565150439210348e-05	-0.20607674508349727	178.78480512624756	-37.64522680775252	867.577100272377
237	-1.4244922829950661e-05	-0.20230671960703542	175.67132018436286	-35.98935444403727	868.3540208412475
238	-1.3807629834614398e-05	-0.19832616526983737	172.49845257288814	-34.43788822726862	869.7836167810286
239	-1.3256727351229798e-05	-0.19413726867276446	169.33086299358195	-32.79867408755823	872.2338736396498
240	-1.2596615018374889e-05	-0.18974257801891647	166.02318001542164	-30.935165704468208	875.0025151889298
241	-1.1832600965528382e-05	-0.18514500229306097	162.39146671677406	-28.922789795619924	877.1142212599952
242	-1.0970858920073796e-05	-0.1803478095644442	158.4256180004769	-26.96118058114958	878.454015552204
243	-1.0018378018836451e-05	-0.17535462440795815	154.30022523011124	-25.14682190331123	879.9406456383789
244	-8.982905735504258e-06	-0.17016942444138297	150.17536702337497	-23.367467342872686	882.5122410800032
245	-7.872884393055212e-06	-0.16479653597921473	146.017985719516	-21.436203038484972	886.0563032959582
246	-6.697381786013306e-06	-0.15924062880639048	141.64676741039332	-19.308101746078215	889.5190899866122
247	-5.466016487830413e-06	-0.1535067100780604	136.94531475381334	-17.13132984852358	892.1168626264179
248	-4.1888784648348234e-06	-0.14760011735437017	131.99786448120008	-15.077548334850032	894.2966620919515
249	-2.8764456579009682e-06	-0.14152651078205714	126.99443672363458	-13.148679883388589	897.320955691217
250	-1.5394972290199648e-06	-0.1352918644374522	122.01753802975468	-11.180467479830883	901.8847197114601
251	-1.890241990458956e-07	-0.1289024568482669	116.95538653230916	-9.035269669657234	907.3170724679192
252	1.1638617750845141e-06	-0.122364860714274	111.63823675796236	-6.761210192941282	912.3384915211212
253	2.5080207179489476e-06	-0.1156859318496724	106.03865002139702	-4.537019560589935	916.6071441490215
254	3.8323769717247675e-06	-0.10887279737255569	100.30650318312873	-2.4690919453313005	921.3175243612679
255	5.126011372746929e-06	-0.10193284316944455	94.6016850628621	-0.4744391007103226	928.0783114007195
256	6.3782521907718876e-06	-0.09487370066531714	88.91848292520943	1.6185994965635255	937.2311896383285
257	7.578764066574507e-06	-0.08770323293193574	83.10184112780534	3.870293105833353	947.5383309784718
258	8.717634195775356e-06	-0.08042952016954526	77.03374994838771	6.15969220491082	957.7878435769276
259	9.785455033287184e-06	-0.07306084459917407	70.77457325977048	8.32244148633012	968.7225359961182
260	1.0773402818799201e-05	-0.06560567480479726	64.49901159723164	10.335801471533033	983.1574378012806
261	1.1673311260504726e-05	-0.05807264956654343	58.30300267769772	12.339285370368021	1004.0093073753308
262	1.2477739753257787e-05	-0.050470561227875035	52.1036801997819	14.470057146110376	1032.4286703296543
263	1.3180035555361761e-05	-0.04280833864131688	45.74489499088768	16.703653461550616	1068.7177990709097
264	1.377438939729142e-05	-0.0350950297387574	39.184750253930694	18.881482519190904	1116.7437460421063
265	1.425588405136939e-05	-0.027339783773679602	32.550090804577316	20.890817047330405	1190.9741275431102
266	1.4620535452030189e-05	-0.019551833283816586	25.997901353472187	22.789734599496004	1330.5621121541465
267	1.4865326017505883e-05	-0.011740475823707288	19.54459050026588	24.735442220477996	1667.383711637724
268	1.4988229891727246e-05	-0.003915055517448291	13.058254162953341	26.800728900714926	3361.5523390285334
269	1.4988229891727246e-05	0.003915055517448291	6.420231072997976	28.88951755081552	-1611.6091293656355
270	1.4865326017505883e-05	0.011740475823707288	-0.33082912610407755	30.846301730017135	31.505102995672377
271	1.4620535452030189e-05	0.019551833283816586	-7.036406641808085	32.6317754783073	361.13258994883137
272	1.425588405136939e-05	0.027339783773679602	-13.59167665369566	34.36340799132344	497.79439750782166
273	1.3774389397286841e-05	0.03509502973875709	-20.055277823327593	36.17670036764849	571.8608536185224
274	1.3180035555361761e-05	0.04280833864131688	-26.57106051650504	38.0679881793654	620.9719740168423
275	1.2477739753257787e-05	0.050470561227875035	-33.19381952944839	39.898340897072465	657.8821531254191
276	1.1673311260504726e-05	0.05807264956654343	-39.81917535199666	41.55178138249569	685.822438878619
277	1.0773402818799201e-05	0.06560567480479726	-46.296100084332274	43.065148199898	705.7799633198924
278	9.785455033287184e-06	0.07306084459917407	-52.59114654800469	44.58188291757052	719.9084133030372
279	8.717634195775356e-06	0.08042952016954526	-58.81632878047671	46.184955785404405	731.3401084954384
280	7.578764066561531e-06	0.08770323293193548	-65.09078394285545	47.80122485091366	742.2179543796351
281	6.3782521907718876e-06	0.09487370066531714	-71.39637209291422	49.28534247841653	752.5761582783115
282	5.126011372746929e-06	0.10193284316944455	-77.59205635637075	50.58499537478231	761.2325681491446
283	3.8323769717247675e-06	0.10887279737255569	-83.56848610267411	51.797833438439525	767.5958671551372
284	2.5080207179489476e-06	0.1156859318496724	-89.36450440082625	53.05661552432066	772.4850651617057
285	1.1638617750845141e-06	0.122364860714274	-95.11317189815718	54.37595942440049	777.2957736897238
286	-1.890241990458956e-07	0.1289024568482669	-100.88121167046944	55.63608773068985	782.6160381375504
287	-1.5394972290085811e-06	0.13529186443745195	-106.58653251086763	56.72028475186579	787.821851043881
288	-2.8764456579009682e-06	0.14152651078205714	-112.0869275265308	57.647155778831774	791.9771017831074
289	-4.1888784648348234e-06	0.14760011735437017	-117.3364722568433	58.546817205901355	794.9506593349362
290	-5.466016487830413e-06	0.1535067100780604	-122.4302486192824	59.51023951792233	797.5425268429356
291	-6.697381786013306e-06	0.15924062880639048	-127.48781512016558	60.485348548264206	800.5825645281489
292	-7.872884393055212e-06	0.16479653597921473	-132.51052786097634	61.337869563459634	804.0678552799593
293	-8.982905735504258e-06	0.17016942444138297	-137.3759187896552	62.00534498457662	807.2698472059443
294	-1.0018378018833586e-05	0.17535462440795804	-141.97380641023346	62.567324018149684	809.6178348504794
295	-1.0970858920073796e-05	0.1803478095644442	-146.3269718097306	63.152662252720525	811.3385459993502
296	-1.1832600965544999e-05	0.1851450022930608	-150.5588388645625	63.79180947729849	813.1721594209192
297	-1.2596615018374889e-05	0.18974257801891647	-154.74697873466323	64.38340708689012	815.5402197432737
298	-1.3256727351229798e-05	0.19413726867276446	-158.8311166092257	64.81190587236566	818.1154048994381
299	-1.3807629834614398e-05	0.19832616526983737	-162.68000278029214	65.08004693377099	820.24210393201
300	-1.4244922829950661e-05	0.20230671960703542	-166.23884814017586	65.30475741698552	821.694155129215
301	-1.4565150439210348e-05	0.20607674508349727	-169.58799871736224	65.58281244264022	822.913631137543
302	-1.4765827827853576e-05	0.2096344166522812	-172.84692992611863	65.88123615517165	824.4938565544502
303	-1.4845460405117532e-05	0.21297826991353352	-176.03505620968775	66.07729233089	826.5183559202367
304	-1.4803554715255985e-05	0.2161071993620925	-179.04882210300914	66.10060178469236	828.497587472503
305	-1.4640620963321294e-05	0.21902045580498863	-181.77985135629868	66.01387034171002	829.9473084326262
306	-1.4358167169518287e-05	0.2217176429667186	-184.23755328572562	65.9407564533387	830.9365001543738
307	-1.3958685017587551e-05	0.22419871330248864	-186.53610636274396	65.92505335947736	831.9940751519263
308	-1.3445627531640019e-05	0.22646396304186586	-188.76226803329433	65.88281509845982	833.5028374287868
309	-1.2823378785323395e-05	0.22851402648737157	-190.876373660429	65.70102183388703	835.2777686788347
310	-1.209721591324071e-05	0.2303498695945788	-192.75921527461296	65.36839276395847	836.7957062433508
311	-1.127326375925367e-05	0.23197278286213047	-194.349573490088	64.98855443247781	837.79835013978
312	-1.0358442557364809e-05	0.23338437356187708	-195.7142631101848	64.66186123481741	838.5796778527895
313	-9.36040909871722e-06	0.23458655734093262	-196.97143783628294	64.37235193345626	839.6426086270327
314	-8.28749189184724e-06	0.2355815492289467	-198.15641501980016	64.00891498273853	841.1276844984139
315	-7.148620872795669e-06	0.23637185408523814	-199.18393731034337	63.494974178091965	842.6638510463602
316	-5.953252266080659e-06	0.236960256521629	-199.9489008347146	62.87732428554555	843.8010827219697
317	-4.711289236675814e-06	0.23734981033788624	-200.44892815332656	62.273073814327056	844.5243402381401
318	-3.432999007074107e-06	0.23754382750758174	-200.78849662282533	61.736872016657266	845.2655093685729
319	-2.128927141100209e-06	0.2375458667529463	-201.06119344935382	61.20098668730591	846.4076756531628
320	-8.098097183898965e-07	0.23735972174790257	-201.24594667554044	60.55589970831353	847.8512638548597
321	5.13515861386213e-07	0.2369894089889281	-201.23563674895897	59.77780471310154	849.1340061773882
322	1.8302006953685205e-06	0.2364391553737098	-200.96395865252887	58.95681346966267	849.9624974928033
323	3.1294740639920864e-06	0.2357133855277268	-200.48450865800987	58.194699717601296	850.5468656435934
324	4.40073223847255e-06	0.23481670891890932	-199.9122199623092	57.490414879408476	851.3589098844893
325	5.633625670480559e-06	0.2337539068004155	-199.29551741079447	56.74432679789301	852.5927442208242
326	6.818143841159226e-06	0.23252991902129516	-198.56600723632957	55.87508254480116	853.9444999030003
327	7.944697068355365e-06	0.23114983074442638	-197.62237182379732	54.91435952684152	854.9617292766568
328	9.004194598919953e-06	0.22961885911057478	-196.45118008390415	53.971446094179555	855.5625481304655
329	9.988118345976324e-06	0.22794233988677773	-195.14614738045836	53.10947682362945	856.130871897587
330	1.0888591670000488e-05	0.22612571413648047	-193.80486687750815	52.275680625322764	857.0780390450948
331	1.1698442645865727e-05	0.22417451494795415	-192.42228522581598	51.364806150781185	858.3712791570359
332	1.2411261306126487e-05	0.22209435425652965	-190.90269672296935	50.34186969650838	859.5693934321854
333	1.3021450403134125e-05	0.21989090979507267	-189.17533161403955	49.28331993443628	860.3277396755125
334	1.3524269288348737e-05	0.21756991220591956	-187.28035984335978	48.2903870428996	860.7962331681873
335	1.3915870566209387e-05	0.21513713234620505	-185.32728730455236	47.374943134589444	861.4521765520645
336	1.4193329241671334e-05	0.21259836881712282	-183.374563043975	46.448617196684964	862.5544222841488
337	1.4354664144155844e-05	0.20995943574622217	-181.3687909496982	45.42657913072625	863.8425570907132
338	1.4398851476467186e-05	0.20722615085030255	-179.212434944579	44.32621675724816	864.8305886878995
339	1.4325830402892315e-05	0.2044043238048982	-176.88134375344788	43.247948257812695	865.3651285690387
340	1.4136500658212011e-05	0.20149974494469286	-174.45724144140576	42.26125572904793	865.8085672962102
341	1.383271222562664e-05	0.19851817431753419	-172.03885540701572	41.32715023778312	866.6296415019297
342	1.341724719784956e-05	0.19546533111298164	-169.6344496232004	40.345356634149304	867.8634582812589
343	1.2893794000100755e-05	0.19234688348457643	-167.15879731524635	39.27106928656191	869.0623213399491
344	1.2266914217257567e-05	0.18916843878324574	-164.53704325778764	38.167121484289666	869.8042793453519
345	1.1542002327498636e-05	0.18593553421745895	-161.79567613231157	37.13253507087818	870.1832127070793
346	1.0725238702969007e-05	0.18265362795395837	-159.03670823314087	36.190316089371386	870.7126955294369
347	9.82353629282242e-06	0.17932809067108632	-156.32567860709054	35.26317450236506	871.7407811489734
348	8.84448145449131e-06	0.1759641975749407	-153.62234048062157	34.26410403409458	873.0415870102278
349	7.796269445781096e-06	0.17256712088680448	-150.83288151058883	33.19717407319374	874.0621053170544
350	6.6876351332478795e-06	0.1691419228085535	-147.92282601405066	32.15318445195849	874.5560805891278
351	5.5277795089136746e-06	0.1656935489709938	-144.96094579772677	31.206124248318815	874.8800880822455
352	4.3262926401105945e-06	0.16222682236839966	-142.04459443135121	30.329750358462597	875.5975189277204
353	3.0930737042658633e-06	0.15874643778085246	-139.19292957274646	29.429498480689467	876.8291426304586
354	1.8382487814787043e-06	0.15525695668437417	-136.3304192543989	28.452181846288553	878.0975681975137
355	5.720870933534609e-07	0.1517628026472741	-133.3786695352242	27.447319451722606	878.8634017856783
356	-6.950836131938607e-07	0.14826825720962014	-130.35057292421666	26.510393851392585	879.1527673787627
357	-1.952961835132398e-06	0.14477745624129773	-127.33907847350692	25.673993766258324	879.5480693567824
358	-3.1913565349540934e-06	0.14129438677271863	-124.41436546533951	24.871806412456795	880.5289896832817
359	-4.400270122345954e-06	0.13782288429092557	-121.5478355731271	24.015993701784065	881.9077420714995
360	-5.569979516356252e-06	0.1343666304925799	-118.64961503324633	23.09845073413948	883.0217508665853
361	-6.691114628800819e-06	0.13092915148414339	-115.6756695942324	22.19992189497543	883.4895319890496
362	-7.754733632483987e-06	0.12751381641844567	-112.68140305541972	21.397357507668506	883.6697428286602
363	-8.752394409093056e-06	0.12412383655581004	-109.76089896284267	20.676366699522738	884.2736697614429
364	-9.676221604855494e-06	0.1207622647369575	-106.9422953061965	19.948861750119267	885.5472893459516
365	-1.0518968761969079e-05	0.1174319952540239	-104.15934620003104	19.154801992490064	886.9612523228185
366	-1.1274075036717082e-05	0.1141357641052503	-101.3310430564418	18.330931994326356	887.7956193112129
367	-1.193571606246469e-05	0.1108761496181834	-98.45728995706158	17.568169308872243	887.9763407894307
368	-1.2498848565908156e-05	0.10765557342560217	-95.62105168738357	16.907338675991614	888.1944929384895
369	-1.295924839924118e-05	0.10447630177782928	-92.89531254207274	16.293051624290012	889.132640998355
370	-1.3313541706073417e-05	0.1013404471746251	-90.26208736145524	15.638000816153195	890.661467231686
371	-1.355922899741183e-05	0.09824997029947158	-87.6360341888336	14.923189127201587	891.949104322259
372	-1.3694701973524383e-05	0.09520668223873782	-84.96477990913073	14.219131360403638	892.4030419681997
373	-1.3719252988275323e-05	0.09221224696799013	-82.29054524560475	13.604434573868588	892.38167461072
374	-1.3633077113108557e-05	0.08926818408754657	-79.70289089164268	13.075759231137335	892.8252872127172
375	-1.343726681970508e-05	0.08637587178929207	-77.23754935262167	12.552244544600121	894.1802052339656
376	-1.3133799360389365e-05	0.0835365500367454	-74.8375342607794	11.968558615508082	895.8432046213687
377	-1.2725516985238381e-05	0.08075132394042878	-72.42051432372475	11.349388856433588	896.8115995264658
378	-1.2216100192976836e-05	0.07802116731069947	-69.97450277632949	10.780299259435148	896.8439662759877
379	-1.1610034268906712e-05	0.07534692637038373	-67.57215227747916	10.309142206854144	896.7925490288023
380	-1.091256941684554e-05	0.07272932360978272	-65.28796149872909	9.891390122837903	897.6637296868998
381	-1.0129674842830337e-05	0.07016896176691526	-63.11391055246116	9.4415856794919	899.4367972592212
382	-9.26798719657685e-06	0.06766632791620614	-60.97007220944675	8.931190999387555	901.0219657783327
383	-8.33475381984215e-06	0.06522179764920932	-58.797302255189344	8.42050491730844	901.481212571591
384	-7.33777129172755e-06	0.06283563933140066	-56.625299119977335	7.988653070218488	901.1504626610825
385	-6.2853197965241355e-06	0.06050801841954442	-54.538353325215986	7.642569818335338	901.327795605886
386	-5.186093870657098e-06	0.058239001824652845	-52.57879011308476	7.30929011156121	902.7994499867765
387	-4.049130112452217e-06	0.05602856230610111	-50.69908989218218	6.9197190909923405	904.8704349933538
388	-2.883732459530371e-06	0.053876582883039134	-48.817099806929996	6.48730589776776	906.0847927457563
389	-1.6993956552118417e-06	0.051782861249842174	-46.91035681139946	6.0916328918039	905.9012135505028
390	-5.057275370238652e-07	0.04974711418296296	-45.04128331475262	5.7864388935781665	905.4037651248213
391	6.876292145891441e-07	0.04776898192719437	-43.28495993786864	5.537917864095712	906.1327644073825
392	1.8710752267992521e-06	0.045848032550005004	-41.642885586700054	5.263672593191906	908.2854380797602
393	3.035131850087906e-06	0.04398376625328233	-40.04153092355137	4.926974635746912	910.3783994252246
394	4.1705172130261104e-06	0.042175619632488885	-38.41669828315386	4.578035478873301	910.8852682959622
395	5.26822030571216e-06	0.040422969873923145	-36.78649445297465	4.295459563850969	910.0532137773168
396	6.319572500521789e-06	0.0387251388814583	-35.22949118537835	4.095640640271571	909.749057954476
397	7.316315943466726e-06	0.037081397324809785	-33.79378667569012	3.9140390063845274	911.3614926771218
398	8.25066827819003e-06	0.03549096860206325	-32.4415701669371	3.6792298643025685	914.1036441283138
399	9.115383197253222e-06	0.03395303270986202	-31.09237559622315	3.394280526655724	915.7734121890338
400	9.903806352870553e-06	0.03246673001531425	-29.71478821736127	3.132263199731071	915.2674420475729
401	1.0609926199102637e-05	0.031031164924324686	-28.36128518520828	2.9516763801233195	913.993759246592
402	1.1228419381762213e-05	0.029645409441692926	-27.106755708176713	2.829173520414341	914.4020575327103
403	1.1754690338444366e-05	0.028308506618935383	-25.961781804360513	2.6864709038603127	917.1410274228274
404	1.2184904820290638e-05	0.027019473886384832	-24.86012770028142	2.479946927428448	920.1230610276058
405	1.2516017098077059e-05	0.025777306266703433	-23.734220105075927	2.2499185257602274	920.7830600425109
406	1.274579066775113e-05	0.024580979467498588	-22.591585502776258	2.0734842415408816	919.1112423519384
407	1.2872812324579543e-05	0.023429452851268125	-21.504745922713546	1.9756107901738404	917.897017244635
408	1.2896499529162126e-05	0.02232167228140891	-20.52676586180041	1.9005416754606461	919.6379555150304
409	1.2817101043889436e-05	0.021256572843508497	-19.62965974347428	1.775823760883725	923.5130950477605
410	1.2635690872184885e-05	0.020233081441601228	-18.736004848096044	1.594998293278576	926.0573423476665
411	1.2354155587878658e-05	0.01925011926949831	-17.806910576159225	1.4241653287433658	925.0756828791134
412	1.197517519397144e-05	0.018306604157711917	-16.885244824673023	1.3254472795842638	922.4050778814297
413	1.1502197702053609e-05	0.01740145279686861	-16.04495234757859	1.2855546452490858	922.0951413624427
414	1.0939407673033618e-05	0.01653358283886224	-15.305147309416698	1.2311942533493805	925.7494503687046
415	1.0291689006995674e-05	0.015701914877316522	-14.607575038446926	1.1130721908281416	930.351389029935
416	9.56458231462757e-06	0.014905374309228274	-13.882804380841309	0.9618456541293309	931.4369152921429
417	8.764237244482117e-06	0.014142893079930328	-13.128757064623054	0.8521642335631698	928.3305776173585
418	7.897360178438445e-06	0.013413411313757288	-12.411587323854805	0.816604446229045	925.3472901000442
419	6.971157742479786e-06	0.012715878833015195	-11.788442577408954	0.8083754868096797	927.0992874662493
420	5.993276611087971e-06	0.012049256568048458	-11.241072624246772	0.7551576314903646	932.9575973006484
421	4.971740109930152e-06	0.011412517861366276	-10.696224018907667	0.6418103927124426	937.2604465210109
422	3.914882144596218e-06	0.010804649668933077	-10.108879287898901	0.5270612283371024	935.6220925440608
423	2.8312790009888868e-06	0.010224653661851072	-9.512613650814359	0.4755165927779906	930.3732830389218
424	1.729679576710869e-06	0.009671547231761942	-8.979638628570141	0.48341100072795223	928.4682771433717
425	6.189346120830798e-07	0.009144364403372646	-8.536890772327213	0.4831489550386706	933.5720951711586
426	-4.92074506435016e-07	0.008642156657570857	-8.134536500598026	0.4209095140291359	941.2595524976579
427	-1.5945067976740334e-06	0.008163993668635548	-7.702603783135923	0.3179692514307944	943.4771387001765
428	-2.679632023908852e-06	0.007708963959071785	-7.230311182399574	0.24563845347918165	937.8983950875058
429	-3.7388997574066086e-06	0.0072761754756051076	-6.777112737173806	0.2430826720337425	931.3939804207786
430	-4.764006630114928e-06	0.006864756089864173	-6.403265232748161	0.2725028495065289	932.7458912591154
431	-5.746961239861676e-06	0.006473854027257725	-6.099951713726361	0.2627470086384297	942.2074757581788
432	-6.680146208099893e-06	0.006102638227518387	-5.7989758577065595	0.19083475210704626	950.2054356495105
433	-7.556376910544488e-06	0.005750298640339131	-5.450405791177062	0.10779623606554162	947.8211597587716
434	-8.368956431326987e-06	0.005416046459474165	-5.0788170060312705	0.07960158588406686	937.7101758911809
435	-9.111726324889896e-06	0.00509911429860974	-4.753871380366595	0.11137319028678405	932.251545612757
436	-9.779112805388166e-06	0.00479875631223868	-4.509477443684942	0.14177280789648938	939.6538423369403
437	-1.0366168022725203e-05	0.004514248264692485	-4.304434099379159	0.1135374470285108	953.4590107281725
438	-1.0868606125614143e-05	0.004244887550400328	-4.06935866022553	0.038901904404679534	958.6195938230867
439	-1.1282833855447696e-05	0.003989993168354295	-3.7856073950740345	-0.014976926441029041	948.7784353704533
440	-1.1605975460223478e-05	0.003748905653666303	-3.505608851909389	-0.0033919558978417925	935.0957528869718
441	-1.183589176424432e-05	0.003520986969006849	-3.2916980138584715	0.044748451930270855	934.8260661292371
442	-1.1971193276792041e-05	0.0033056203586163285	-3.1440134745872568	0.0603880257327548	951.0328500954564
443	-1.2011247271624198e-05	0.0031022101674814816	-3.000097655108903	0.013561751109514818	967.0525241506184
444	-1.1956178817022677e-05	0.0029101816281686776	-2.8062062619445602	-0.0526262237156324	964.3298808486398
445	-1.1806865784746084e-05	0.002728980617706874	-2.5782126383686204	-0.07191396914725201	944.8493297155721
446	-1.1564927913725185e-05	0.002558073386814361	-2.3824229119166063	-0.03099852444295617	931.3706052430631
447	-1.1232710051300758e-05	0.002396946263666132	-2.2587719110048203	0.015476563306170733	942.3030527684439
448	-1.0813259739969914e-05	0.0022451053343030187	-2.174717012064254	0.007847586974678699	968.6087936080895
449	-1.031029936164162e-05	0.002102076101692209	-2.0624432274154674	-0.050278338154927465	981.2395518906463
450	-9.728193093275118e-06	0.0019674031253557466	-1.8962556592363469	-0.09661264521410959	964.0561104312816
451	-9.071908966913607e-06	0.0018406496434003323	-1.7212757741790157	-0.08195129534478529	935.3425123391382
452	-8.346976364549498e-06	0.0017213971786934235	-1.6008736123013878	-0.026512928485849213	930.037849280667
453	-7.559439311986837e-06	0.0016092451308537309	-1.543537763522738	0.0035810623145595497	959.1372081299364
454	-6.715805966757429e-06	0.0015038103556447664	-1.493065083791995	-0.027739051673805006	992.9172102569747
455	-5.822994723003688e-06	0.0014047267332878267	-1.3929221174728426	-0.08541334104917764	991.8315117193936
456	-4.888277379987806e-06	0.0013116447271413088	-1.250613956569071	-0.10388859806682971	953.7519807149295
457	-3.9192198413497e-06	0.0012242309341257919	-1.1283348500827897	-0.06243431742998362	921.8221237238574
458	-2.9236208288704433e-06	0.0011421676282139565	-1.071050791324326	-0.00866590740895666	937.7484787146194
459	-1.9094491067476856e-06	0.001065152298243489	-1.0547603734097142	-0.003641816534695195	990.2466661990796
460	-8.847797212678326e-07	0.0009928971812568975	-1.01407483618146	-0.05188710479915341	1021.3749088111592
461	1.4227023488510786e-07	0.000925128792519059	-0.9170557227937707	-0.09658420525822756	991.2574934348295
462	1.1636058240112756e-06	0.0008615874533141638	-0.8013100126010865	-0.08505394434599502	929.9040737814375
463	2.1712179243231916e-06	0.0008020268175775296	-0.730226476132229	-0.029108787944429462	910.3714574808714
464	3.157245851605898e-06	0.0007462133983730953	-0.7199506252920488	0.00882230129952484	964.8380283000427
465	4.1140384547079364e-06	0.0006939260951863406	-0.7209155966648887	-0.012530696348439889	1038.7503451267005
466	5.0342132125943055e-06	0.000644955722962813	-0.6747656575147779	-0.0661570077356254	1045.3557770669463
467	5.910712879769225e-06	0.0005991045437843124	-0.5810290581455144	-0.08813008597118555	968.2836082935597
468	6.736859249070219e-06	0.0005561858020392017	-0.4971107528668558	-0.05107636219548502	892.5421162499997
469	7.506403626304175e-06	0.0005160232639078373	-0.47199827811071465	0.004653458071573767	914.6217487797273
470	8.213573639578983e-06	0.00047845076195092884	-0.4900023223294868	0.017573674663672868	1024.4723087293153
471	8.85311603757215e-06	0.00044331174555462655	-0.4889198978758433	-0.024401726354327025	1101.3420526798586
472	9.420335164649797e-06	0.00041045883795496675	-0.4313874193338973	-0.07041527838979736	1046.4997694534848
473	9.91112683673629e-06	0.0003797534005301227	-0.34738238453772863	-0.06530298240615304	909.6501915072237
474	1.0322007379780354e-05	0.00035106510501911397	-0.29934962426619466	-0.01283033137539822	850.8796563937696
475	1.0650137632081472e-05	0.0003242715142905796	-0.3103400238470386	0.028939075462436376	958.9342353910322
476	1.0893341752632779e-05	0.00029925767225500127	-0.33769214657463986	0.014453404001541114	1128.6952243622382
477	1.1050120719304266e-05	0.00027591570347906754	-0.3221496963567236	-0.03722504740841867	1160.301440818248
478	1.1119660443218955e-05	0.00025414442302740205	-0.2557227154191991	-0.06463033550739587	993.1822077737194
479	1.1101834468063795e-05	0.00023384895702344908	-0.19044559469794928	-0.034556271758989496	805.564773017313
480	1.0997201266098461e-05	0.00021494037438368014	-0.17832779046874822	0.02004999586799005	832.255693715624
481	1.0806996184460404e-05	0.0001973353301456481	-0.21167287653134007	0.038193671518124334	1080.0161362521103
482	1.0533118137212719e-05	0.00018095572077134832	-0.23213576046486817	0.0008612262542954732	1278.7761214189204
483	1.0178111178961311e-05	0.00016572835176979612	-0.19776182674779844	-0.04743165637929529	1171.2943552073787
484	9.745141134934178e-06	0.00015158461794407595	-0.13088515130900563	-0.04999266984029994	838.7770970834481
485	9.237967500232168e-06	0.00013846019652665815	-0.09211544304727054	-0.0029734752402150177	660.9098131197302
486	8.660910856346973e-06	0.00012629475342799113	-0.11062001212655773	0.040508509630784076	893.6806000091422
487	8.01881608648206e-06	0.0001150316627789362	-0.15081323339586536	0.03153728449079659	1323.737552554222
488	7.317011702478231e-06	0.00010461773990813576	-0.15341883397715358	-0.018579049122953134	1446.9717271178115
489	6.561265624240509e-06	9.50029878498421e-05	-0.10345675393948323	-0.05158738350673441	1046.4904695273983
490	5.757737778238284e-06	8.614035743561126e-05	-0.04711577059996868	-0.029282262690313633	521.9115143214566
491	4.912929904071763e-06	7.798552097977877e-05	-0.03845555911596809	0.022831730404147755	509.53316107344654
492	4.033632977588142e-06	7.04966595233846e-05	-0.07737947896855055	0.045107771246553054	1130.542991387062
493	3.126872674621373e-06	6.363426355957688e-05	-0.10999142093121211	0.012285962857209707	1733.7944874254702
494	2.1998533125706753e-06	5.7360947117603244e-05	-0.0905948620019231	-0.03774105856299816	1551.866398341427
495	1.2599007156422252e-06	5.1641275041932374e-05	-0.03397034333704691	-0.047673054091261	634.9134478843835
496	3.1440445547797214e-07	4.644160325894034e-05	0.0019150049930873152	-0.006551901067748424	-42.187837979877216
497	-6.29240079295564e-07	4.17299317830927e-05	-0.017412566046716746	0.03793446700066981	403.46888554755446
498	-1.5636893324406863e-06	3.747577017422406e-05	-0.06352481442645569	0.03440988289809893	1653.8990546773425
499	-2.481708501321393e-06	3.3650015118644887e-05	-0.07796492925946943	-0.013294119529150814	2333.380990718217
500	-3.3762272914666507e-06	3.022483976937224e-05	-0.03935787256542513	-0.05080800981646605	1471.5819429809835
501	-4.2403940774537205e-06	2.7173594445418473e-05	0.012317002168539697	-0.03577719537791481	-241.92411470129608
502	-5.067628058656201e-06	2.447071825688421e-05	0.021880244942309612	0.013677424664151991	-968.3593376027167
503	-5.851669016039067e-06	2.2091661190716303e-05	-0.017716759472036877	0.04004556400581359	300.7164771276755
504	-6.5866242976164334e-06	2.0012816163677102e-05	-0.05753992631481437	0.012539152806115346	2408.096135867231
505	-7.2670126838951025e-06	1.8211460522954798e-05	-0.04901039103008669	-0.03775661543403019	3035.187180462769
506	-7.887804810958275e-06	1.6665706450678854e-05	0.0004531044423161934	-0.05381159589672293	1226.3210104371171
507	-8.444459857663156e-06	1.5354459707826397e-05	0.036242432282223846	-0.01812496841641905	-1313.8033190731946
508	-8.932958234157636e-06	1.4257386137418683e-05	0.019396322882281047	0.027430662267393435	-1842.5702020094893
509	-9.349830041542921e-06	1.3354885329129646e-05	-0.028813569783348293	0.029901598091049864	395.9293974894372
510	-9.692179106785589e-06	1.2628070839004276e-05	-0.051544603053724256	-0.014002255174454956	3104.1872879700177
511	-9.957702432333973e-06	1.2058756349194982e-05	-0.02168197541772335	-0.054380641064182375	3283.1734520161012
512	-1.0144704936527835e-05	1.1629447146380823e-05	0.027257237182023615	-0.04558629304028254	610.822368729844
513	-1.0252109398150374e-05	1.1323336299975116e-05	0.0398548337769138	0.0014939777689530129	-1999.8231016050083
514	-1.0279461555883892e-05	1.112430491906863e-05	0.002424666450541721	0.03220445017962711	-1560.5485735511174
515	-1.02269303515447e-05	1.1016925876056205e-05	-0.0414956440954843	0.010977871012788427	1526.2891666651883
516	-1.0095303343420907e-05	1.098647039195702e-05	-0.04130631859505538	-0.03799593916527129	3761.566346227965
517	-9.885977353236161e-06	1.1018916890573876e-05	0.0026493460452221146	-0.05878360472098144	2518.561643035881
518	-9.600944446778043e-06	1.1100961545071303e-05	0.039746304784308406	-0.02796023580032703	-802.0887898350501
519	-9.242773383736003e-06	1.1220029957394681e-05	0.027356873577030573	0.01870989847637878	-2270.8735033927546
520	-8.814586706248886e-06	1.1364289433530479e-05	-0.020323258976679387	0.027553365588115976	-57.58993263341628
521	-8.320033668677597e-06	1.1522661340606841e-05	-0.048808777461059424	-0.011412843474567835	3254.3542239190715
522	-7.76325924168823e-06	1.1684833058872975e-05	-0.025949209907311074	-0.05325403246921119	3641.3833146596367
523	-7.1488694528109155e-06	1.1841269071706512e-05	0.021348999962545967	-0.04988177275080989	542.5358044813426
524	-6.481893352210648e-06	1.198322076579603e-05	0.03825914352531769	-0.0051793334545122	-2289.155241215839
525	-5.767741916901295e-06	1.2102734549254362e-05	0.005015273854464028	0.029701598972425233	-1290.7854343037957
526	-5.012164228024425e-06	1.2192657929616366e-05	-0.04059435573402059	0.015191047661491094	2409.9813926066163
527	-4.221201275292468e-06	1.2246643229557221e-05	-0.04680196364609403	-0.03140882365615805	4205.929202785181
528	-3.4011377584086577e-06	1.2259148657221463e-05	-0.0072444605757638475	-0.05603050613985597	1726.108644436032
529	-2.558452268812667e-06	1.2225436486808607e-05	0.03197512858503782	-0.029984621154168258	-2013.9848300931299
530	-1.699766245125297e-06	1.2141568142980562e-05	0.02538773334995657	0.017282081860840817	-2246.2204576617623
531	-8.317921029874261e-07	1.2004396026225035e-05	-0.019726264316994466	0.03221359941301401	1450.3497189536604
532	3.8719056442975496e-08	1.1811551952066813e-05	-0.0519275580637664	-0.0013630738180617115	4395.911060827417
533	9.050297537961183e-07	1.1561432121629342e-05	-0.034774957686650405	-0.043885563593650284	2694.192210299831
534	1.7604680514873321e-06	1.1253178577737156e-05	0.011492918279294866	-0.045665632956679886	-1616.5840895693009
535	2.5984786889201352e-06	1.0886657141388402e-05	0.03343398446120027	-0.0038767408815971877	-2985.9805874525614
536	3.412673043241348e-06	1.0462431861705474e-05	0.005809397562732729	0.03444812021211374	468.83246100765905
537	4.196877537916312e-06	9.981736049153306e-06	-0.03964886795929319	0.026576404290752555	4326.716304919238
