omega	RE_E	IM_E	RE_P	IM_P	Alpha	T2
-200.0	3.402274208025046e-05	-2.1403154705538516e-06	0.006919264069955607	0.0025361429904617243	86.99209807843741	209.99999999281334
-199.30313588850174	3.333633669653495e-05	-7.591717544529281e-06	0.005631526693064568	0.002124879062416316	97.17188864303323	209.99999996449912
-198.60627177700349	3.1780072083269886e-05	-1.2878237687948268e-05	0.004481568376472142	0.00011396555693976541	52.16481493816205	209.99999990267514
-197.90940766550523	2.93891019182738e-05	-1.786165307432334e-05	0.004695575805146191	-0.002418981167910876	10.80446071213993	209.99999979105255
-197.21254355400697	2.622045119281117e-05	-2.2410756779610275e-05	0.005960263659194779	-0.0038532412247314013	27.35043845042767	209.9999996068645
-196.5156794425087	2.2351674046854194e-05	-2.64048036110024e-05	0.006729566047132592	-0.0036513721882997247	80.27883264305817	209.99999931580632
-195.81881533101046	1.7878971120848827e-05	-2.9736706689571497e-05	0.0057986523992552726	-0.0028939658157068	100.24815496333865	209.9999988637252
-195.1219512195122	1.2914811708747231e-05	-3.231590040292382e-05	0.003548162135936361	-0.003166342158199727	60.91053232184022	209.999998164517
-194.42508710801394	7.58511907372143e-06	-3.407079342776339e-05	0.0015832900655458533	-0.004920175005533091	13.644514792776073	209.9999970837034
-193.72822299651568	2.0260890180900728e-06	-3.495074562770541e-05	0.001120932002369029	-0.0069805859294002305	20.42501819628619	209.99999541665093
-193.03135888501743	-3.6192782804976744e-06	-3.492751452156774e-05	0.0017613095069053428	-0.007714297295595603	72.53539628820313	209.99999285913836
-192.33449477351917	-9.204845191119166e-06	-3.399613038814813e-05	0.0019032316256197995	-0.006681189698127135	101.737429025231	209.99998896602466
-191.6376306620209	-1.4585108598201099e-05	-3.217517359287567e-05	0.0003939545908517222	-0.005085806046506315	69.59525189660712	209.99998309143027
-190.94076655052265	-1.961897988057041e-05	-2.9506443024577244e-05	-0.002261733759864256	-0.0045556662555329645	18.03359872521467	209.99997430156256
-190.2439024390244	-2.4173474991685877e-05	-2.605402021892465e-05	-0.004374492881895055	-0.0054792046121239285	14.628518971694362	209.9999612493688
-189.54703832752614	-2.8127218415740918e-05	-2.1902749428431545e-05	-0.004759264479521335	-0.0065985260329403305	64.0168949493883	209.9999419983971
-188.85017421602788	-3.1373668941773765e-05	-1.71561691586792e-05	-0.003925928736377354	-0.006285934000925779	101.56008617160157	209.99991378083035
-188.15331010452962	-3.3823981784607495e-05	-1.193394513560797e-05	-0.003549955802963058	-0.004215695105453806	77.90758900432255	209.99987267051787
-187.45644599303137	-3.540943043503003e-05	-6.368867927930642e-06	-0.0047476606471970615	-0.0017252678011549887	23.836340500032502	209.99981314499
-186.7595818815331	-3.608332247019213e-05	-6.034901456833258e-07	-0.00690830942892803	-0.0004829470647365325	10.179314892149716	209.99972750062017
-186.06271777003485	-3.582235626555052e-05	5.21351200598083e-06	-0.008283674291658162	-0.000806722330200874	55.009557777525366	209.9996050729537
-185.3658536585366	-3.4627379644605804e-05	1.0931160321156157e-05	-0.007750645117971228	-0.0013494981048641178	99.69554250409023	209.9994312010969
-184.66898954703834	-3.2523526735364886e-05	1.6400081459255837e-05	-0.005956778628255111	-0.0004860918911080734	85.5486882380428	209.9991858621932
-183.97212543554008	-2.9559725263655596e-05	2.1476398319772276e-05	-0.0046710983987885805	0.0019995356525517624	30.870593730841136	209.9988418896754
-183.27526132404182	-2.5807582772185166e-05	2.6025504870693506e-05	-0.004985598366312507	0.0046500369426384055	7.255325527065646	209.99836267602558
-182.57839721254356	-2.1359676422426304e-05	2.992562569394259e-05	-0.006194962054703977	0.005779350544986979	45.823366789992974	209.99769924508544
-181.8815331010453	-1.6327286641577768e-05	3.307106640674547e-05	-0.0065074529736751105	0.005167416226519058	96.18529637351077	209.9967865587506
-181.18466898954705	-1.0837629624522646e-05	3.53750684802349e-05	-0.0048790905248301	0.004274876801139432	92.24433572238418	209.99553889821854
-180.4878048780488	-5.030657033228781e-06	3.67721916221048e-05	-0.0021066565041267258	0.004743078633479654	38.915072966625566	209.99384413363265
-179.79094076655053	9.444970155865598e-07	3.722015861303052e-05	-5.313921686874492e-05	0.006696013996170247	5.989050626786407	209.9915566729759
-179.09407665505228	6.933331910630846e-06	3.670111095822353e-05	0.0002226884421193862	0.008579677559618387	36.78227290303058	209.98848886680312
-178.39721254355402	1.277996219756581e-05	3.522223864438656e-05	-0.00046837164362558575	0.008720341465323975	91.13161659697856	209.98440064337703
-177.70034843205576	1.8331162704734354e-05	3.2815763258891525e-05	-0.00028362875866607263	0.00702676248899724	97.75330834774259	209.97898715938294
-177.0034843205575	2.344037252537975e-05	2.953827036960215e-05	0.0017476154158113364	0.005096761783023993	47.71472846160798	209.97186427268997
-176.30662020905925	2.7971553573753887e-05	2.5469403909935967e-05	0.00469081741095663	0.0046017143261695695	6.459916281346226	209.96255167400935
-175.609756097561	3.180280246836708e-05	2.070995197186361e-05	0.0066111508290222195	0.005582736860281261	28.2090448120921	209.9504535558201
-174.91289198606273	3.482962011840982e-05	1.5379369413313527e-05	0.006513189451440677	0.006400748317862052	84.68857740110622	209.93483675691417
-174.21602787456445	3.696775166125625e-05	9.612797636281276e-06	0.005343064658110639	0.005409845143937922	101.8683481728952	209.91480641059277
-173.5191637630662	3.815551984080193e-05	3.5576553866435316e-06	0.00501783693978633	0.00266088928851359	56.98048681236326	209.88927925469153
-172.82229965156793	3.835558756892007e-05	-2.630113899793498e-06	0.00645355657835695	-0.00010798992807807054	8.681310017640833	209.85695493733886
-172.12543554006967	3.7556099739483936e-05	-8.790043131140084e-06	0.00859902785173619	-0.0012043833787355612	20.402879223461646	209.81628587000355
-171.42857142857142	3.577117010165953e-05	-1.4761288754569839e-05	0.009476100746236352	-0.0006851371901337389	77.04403199356325	209.7654464276043
-170.73170731707316	3.3040695830925006e-05	-2.0386817343924324e-05	0.008185489709694174	-0.00028751093021471986	104.40886916325816	209.7023025600968
-170.0348432055749	2.9429499668830704e-05	-2.5517522993807116e-05	0.005836887917325679	-0.0016385987177113155	66.38357743536673	209.62438314993648
-169.33797909407664	2.5025817070171516e-05	-3.001616793232304e-05	0.004439039535603197	-0.004556232754956425	12.5842916926548	209.52885471982856
-168.6411149825784	1.9939162907175752e-05	-3.376104255481439e-05	0.0048617458442393145	-0.007182258186821574	13.613691249567536	209.41250136274277
-167.94425087108013	1.4297628636419526e-05	-3.664924759675925e-05	0.00594457884670953	-0.007834311551332669	68.39815241749731	209.2717120237117
-167.24738675958187	8.244676076807347e-06	-3.8599510257457754e-05	0.005677963485138935	-0.006702025705526267	105.21272706776182	209.10247748917877
-166.55052264808361	1.9355075080791917e-06	-3.9554457539423254e-05	0.0032721409955468773	-0.005650371860332642	75.55399263557075	208.90039959583464
-165.85365853658536	-4.4668966320644076e-06	-3.948228359969624e-05	6.3768041612634525e-06	-0.006309317769661734	18.010369355318993	208.66071520521226
-165.1567944250871	-1.0795971708634779e-05	-3.8377763189722474e-05	-0.002026315240870915	-0.00838515567462755	8.028445394973502	208.3783373498817
-164.45993031358884	-1.6885887149075425e-05	-3.626257990519953e-05	-0.0020203345568417224	-0.009925404523512342	58.95647300053771	208.04791560173786
-163.76306620209058	-2.257587741480792e-05	-3.318495554783022e-05	-0.0012647018705932303	-0.00929049203474223	104.14720628746281	207.6639171244049
-163.06620209059233	-2.7714473043050988e-05	-2.9218584983627948e-05	-0.0018147703807688555	-0.0068350148161454485	84.10551273062902	207.2207290545546
-162.36933797909407	-3.216352077727199e-05	-2.4460898984370523e-05	-0.004362687759059744	-0.00457376850282193	24.738210274580585	206.71278183138628
-161.6724738675958	-3.580188645492721e-05	-1.9030695202806153e-05	-0.007477837241460531	-0.004149211669553476	3.7964612535668567	206.13469188895573
-160.97560975609755	-3.852874176936179e-05	-1.3065194189463828e-05	-0.009013147227351394	-0.005159893603845298	48.965375379547034	205.48142077999373
-160.2787456445993	-4.026634606725447e-05	-6.716592772112951e-06	-0.008265631936657723	-0.005565706674284559	101.166920577803	204.74844636674413
-159.58188153310104	-4.096224679292901e-05	-1.4820076705435042e-07	-0.0066892281494119075	-0.0037810536715226803	91.71379177622413	203.93194027931995
-158.88501742160278	-4.059083676271299e-05	6.469741478514564e-06	-0.006412070732090092	-0.00033356141178648925	32.56871094003702	203.02894452996898
-158.18815331010452	-3.915422267305172e-05	1.2964458140320374e-05	-0.008048848495942052	0.0026166474601271032	1.114648337940936	202.03753914130368
-157.49128919860627	-3.6682376865345346e-05	1.916513260659599e-05	-0.010039992295970305	0.003433478328848784	38.80534379832952	200.9569920668601
-156.794425087108	-3.3232562798573576e-05	2.490738535751113e-05	-0.01021488737510619	0.0026513932298455347	96.42588649793663	199.7878826960661
-156.09756097560975	-2.8888043551221313e-05	3.003761809563741e-05	-0.008007639119725272	0.002419737564610485	98.24454518587147	198.532190924121
-155.4006968641115	-2.375610140140413e-05	3.4417109742268935e-05	-0.005064608286374823	0.004285710770912868	41.45338355527438	197.19334512924345
-154.70383275261324	-1.7965414777692873e-05	3.792575546300074e-05	-0.003599795813185593	0.007565655139633134	0.34344247040155584	195.77622435130326
-154.00696864111498	-1.1662855908737817e-05	4.046534832009612e-05	-0.004152165066581222	0.009981947865556118	29.096000679817312	194.28711235754722
-153.31010452961672	-5.009788226952126e-06	4.196231425841201e-05	-0.005033823355976452	0.009944724081117563	90.37844310041295	192.73360392261148
-152.61324041811847	1.8220438307882163e-06	4.2369824671914775e-05	-0.004056956867967848	0.008164215448531584	103.84533599264695	191.1244663320795
-151.9163763066202	8.65492852078467e-06	4.166922641130559e-05	-0.0008009437040986705	0.006933376156152401	51.55748594247391	189.46946162909384
-151.21951219512195	1.5309791164264008e-05	3.987074641331519e-05	0.0028964679362232927	0.007784135528868561	2.0224874039314336	187.77913725887734
-150.5226480836237	2.161087043624191e-05	3.70134467077703e-05	0.004752875831774563	0.009896526732924935	20.659621697886415	186.06459434850248
-149.82578397212544	2.739034497167718e-05	3.316442492550363e-05	0.0043347514319489145	0.010901763747806631	83.69422621505089	184.33724375789532
-149.12891986062718	3.2492788989152806e-05	2.8417275086001506e-05	0.003488357589940768	0.009290445337118047	108.80715689029785	182.6085601925751
-148.43205574912892	3.677933906174588e-05	2.2889842878458914e-05	0.0044409306606066346	0.005980940933834164	63.04954218155043	180.88984410504054
-147.73519163763066	4.01314607615385e-05	1.6721328362585083e-05	0.0074856671975339585	0.0034284110879950172	6.5692836333031615	179.19199994062004
-147.0383275261324	4.245421340629379e-05	1.0068806501042088e-05	0.01061815133075749	0.0031517040429631174	14.125347654143518	177.52533767829996
-146.34146341463415	4.3678923374487255e-05	3.1032517370573528e-06	0.01152630052836777	0.004189387615334974	76.77735478104275	175.89940277774315
-145.6445993031359	4.3765191207733266e-05	-3.99483348152577e-06	0.00992959393135734	0.004080529844949004	113.0049804837771	174.32283776007108
-144.94773519163763	4.270217444296727e-05	-1.1040075137483503e-05	0.007875666881012131	0.0014014875047705959	75.45883354198571	172.80327687390638
-144.25087108013938	4.050910658973139e-05	-1.7847049546983673e-05	0.007660394259456712	-0.0027194958593495	13.549896374030224	171.34727373292293
-143.55400696864112	3.72350322979497e-05	-2.4235145897279264e-05	0.00946853605445789	-0.0056789867274988385	9.126654387053598	169.96026051512794
-142.85714285714286	3.2957759074421486e-05	-3.0033342451323336e-05	0.011149977059207339	-0.006002798454094122	68.92225275684459	168.64653631202424
-142.1602787456446	2.7782046423984495e-05	-3.5084770620642526e-05	0.010393761440989822	-0.0048322496957157145	115.04637489806743	167.409281509615
-141.46341463414635	2.1837073411239166e-05	-3.9250945573002444e-05	0.007107606216463886	-0.004752194991441588	86.84347518987975	166.25059465811765
-140.7665505226481	1.5273244869642203e-05	-4.241554971568143e-05	0.0035658305490923244	-0.00712250121543877	20.893517199355358	165.17154811334996
-140.06968641114983	8.258414338014317e-06	-4.448766611154434e-05	0.0021387218407126324	-0.01062724213621122	3.605910305902049	164.17225876572118
-139.37282229965157	9.736177436047713e-07	-4.5404372385358505e-05	0.0028933595553429017	-0.012549728259499304	57.770787808769846	163.25197035734678
-138.6759581881533	-6.391574510605411e-06	-4.513262164666617e-05	0.003523824772461266	-0.011509883031617953	111.94777179266958	162.40914416522486
-137.97909407665503	-1.364396845460728e-05	-4.367035497690962e-05	0.0017188264403946015	-0.00888043830178238	93.74200483903778	161.64155514597235
-137.28222996515677	-2.0591793918632963e-05	-4.104680967471239e-05	-0.0024235453902082954	-0.007408561722330391	25.16843478794249	160.9463909568231
-136.58536585365852	-2.7049757117927934e-05	-3.73220082141772e-05	-0.006411442884556374	-0.008411901138859703	-5.529474509365505	160.32035156761853
-135.88850174216026	-3.28439659176775e-05	-3.258543420556196e-05	-0.007830310338380183	-0.010402587005916857	40.414235358938065	159.7597474541695
-135.191637630662	-3.7816597392727515e-05	-2.6953923019465433e-05	-0.006775947022027044	-0.010574722811393204	100.7422672486397	159.26059461903023
-134.49477351916374	-4.183018288202683e-05	-2.0568815588684456e-05	-0.005753681686199131	-0.0076768292733937794	93.32335557875034	158.81870492858803
-133.7979094076655	-4.4771394634867863e-05	-1.359244364989216e-05	-0.007105652980992282	-0.003344735720761314	24.28490348736935	158.42977049077905
-133.10104529616723	-4.655423022148984e-05	-6.20403285774362e-06	-0.0105655500411702	-0.000500440530301396	-19.154799590060932	158.08944102775774
-132.40418118466897	-4.712250565307727e-05	1.4048737383121553e-06	-0.013453651674808052	-0.00040925333065987984	17.181395720673017	157.7933934227007
-131.7073170731707	-4.645158561378215e-05	9.035355838605391e-06	-0.013358584219711872	-0.0013916894682262449	82.7662687321575	157.53739283987747
-131.01045296167246	-4.454929845107652e-05	1.648629303908207e-05	-0.010597257504938737	-0.0005401803300411783	88.09201074155997	157.31734503360966
-130.3135888501742	-4.145600461036169e-05	2.3559644962828976e-05	-0.007924491281459648	0.003269935947584562	22.492274398416473	157.12933967644832
-129.61672473867594	-3.7243809081309805e-05	3.0065696428087265e-05	-0.007742084068946913	0.008144570674903252	-30.79974923986536	156.9696847498762
-128.91986062717768	-3.2014930859234084e-05	3.582812934038365e-05	-0.009628302183608566	0.011012151166234588	-3.287346108345922	156.83493224874593
-128.22299651567943	-2.58992646815141e-05	4.068878627090922e-05	-0.010730383253669073	0.010708341696825949	68.46267629151485	156.7218956463787
-127.52613240418118	-1.9051191900586975e-05	4.451199752765932e-05	-0.008669082687341035	0.009160559614595528	90.15982944405019	156.6276597413547
-126.82926829268293	-1.1645717560696737e-05	4.718835380501959e-05	-0.00401822595043844	0.009422115161231318	33.81620853920012	156.54958365016887
-126.13240418118467	-3.8740292764561065e-06	4.863781997782867e-05	0.00019591579041533253	0.012517745871747957	-24.37281301913736	156.48529781526628
-125.43554006968641	4.061410447612283e-06	4.881210195715632e-05	0.0015179116819289398	0.016319571881049686	-3.256190569719817	156.43269596249033
-124.73867595818815	1.1952113440290395e-05	4.769619735331086e-05	0.0005521463838118086	0.017647660707922053	76.34753376042043	156.38992296644122
-124.0418118466899	1.9589021483486182e-05	4.530908152321945e-05	0.00035128472275344807	0.015499694364446695	118.07536077408288	156.35535957018365
-123.34494773519164	2.6768026420072478e-05	4.170350289286258e-05	0.0032739134056739105	0.01211383498092277	76.44625958096269	156.32760486214846
-122.64808362369338	3.329540984103076e-05	3.696488465963087e-05	0.008492340421100662	0.010730804153046608	17.52257195338997	156.30545734347646
-121.95121951219511	3.899305815914755e-05	3.120935350950715e-05	0.012725967697226994	0.012290233615711124	32.89843689449775	156.28789532915945
-121.25435540069685	4.3703313448181945e-05	2.4580939188701302e-05	0.013512148956150714	0.014435522083202153	118.82052972288233	156.27405732210954
-120.5574912891986	4.7293328682302196e-05	1.7248011074171604e-05	0.011704914383267874	0.013896289640673468	179.6716031676472	156.26322288695874
-119.86062717770034	4.9658807879402005e-05	9.399038645122675e-06	0.010618585232059453	0.009867409104276716	152.75938728336516	156.25479443630448
-119.16376306620208	5.072702670059944e-05	1.2377814584852841e-06	0.012629203484973994	0.004930342416095623	91.0644538695195	156.24828023216594
-118.46689895470382	5.0459047151385375e-05	-7.021969673790494e-06	0.0166767776096499	0.002517562629705687	94.06466355227597	156.2432788044801
-117.77003484320556	4.885106044608888e-05	-1.5161965566814371e-05	0.019256845520869512	0.0034539801820193112	176.0884579024474	156.23946489991252
-117.07317073170731	4.5934814622762554e-05	-2.2965241225923454e-05	0.017956346852452537	0.0051116131720848204	245.3820086464217	156.23657699988158
-116.37630662020905	4.177710726148706e-05	-3.022187780514853e-05	0.013951961249560383	0.004101576371295608	223.0447245452035	156.23440638688288
-115.67944250871079	3.647834838376096e-05	-3.673463166219762e-05	0.010878779184269867	-0.000190829997457538	146.5118220226497	156.23278769237098
-114.98257839721254	3.017022326235347e-05	-4.232428020498212e-05	0.011154004243555553	-0.004848108590936861	120.60195521914419	156.23159082646347
-114.28571428571428	2.3012509246986444e-05	-4.6834540205294525e-05	0.013482128269400276	-0.006282647538447158	178.78843236064225	156.23071416812815
-113.58885017421602	1.5189123742599556e-05	-5.0136424119741384e-05	0.014135155779370797	-0.0038560532713080627	236.8907893480534	156.2300788827298
-112.89198606271776	6.903501892059493e-06	-5.213191347178241e-05	0.010775067112941976	-0.0005491376813885943	201.7556065939425	156.22962423014272
-112.1951219512195	-1.6265784953182064e-06	-5.275684520854522e-05	0.004941061952468923	7.328987194572421e-05	93.52553170225322	156.22930372937023
-111.49825783972125	-1.0174591064994218e-05	-5.1982926738590136e-05	0.0006088534633309261	-0.002437439947194354	20.119397856246366	156.2290820529983
-110.80139372822299	-1.8511127520037935e-05	-4.981881758040239e-05	0.0002121412538522812	-0.0048442556344731585	35.48895305222241	156.22893253528352
-110.10452961672473	-2.6409880965203128e-05	-4.631023966772019e-05	0.0021618771036619956	-0.003446987920190217	67.25668867592945	156.22883518982573
-109.40766550522648	-3.365358503002287e-05	-4.153910372742525e-05	0.0024528682676605114	0.002130414637426821	10.564456131162405	156.22877514556674
-108.71080139372822	-4.0039746643807105e-05	-3.5621665116222796e-05	-0.0011996657455980745	0.008475487993475146	-133.03595526999314	156.2287414224838
-108.01393728222996	-4.538601343989156e-05	-2.870574842083363e-05	-0.006895048899478044	0.011805879144334246	-254.42863180817793	156.22872598031688
-107.3170731707317	-4.953502388036326e-05	-2.0967105236503845e-05	-0.010337215837949061	0.011845131022380589	-277.70357787719786	156.22872298465103
-106.62020905923345	-5.235859932805244e-05	-1.2604993272774738e-05	-0.00914400867356799	0.012173062395004106	-259.49811613191076	156.22872824450343
-105.92334494773519	-5.376115210041149e-05	-3.837086523652144e-06	-0.0052995014633723655	0.016600266284978484	-314.21304344194425	156.22873878414623
-105.22648083623693	-5.3682201587616756e-05	5.106154797652329e-06	-0.00317433570088228	0.0252028490313098	-459.6987618339011	156.22875251922943
-104.52961672473867	-5.2097911477892335e-05	1.398751014112248e-05	-0.005040532605942823	0.034098867578327266	-586.2774689219125	156.22876801340666
-103.83275261324042	-4.902158426165561e-05	2.2569263837010308e-05	-0.008641279607778128	0.03929811366173329	-594.4844515379597	156.2287842967107
-103.13588850174216	-4.450307400681946e-05	3.061954512422483e-05	-0.009378909556157531	0.040765350854239754	-523.2911395578134	156.22880073100666
-102.4390243902439	-3.862710414658243e-05	3.791857472211933e-05	-0.004990223016995678	0.04251229091946072	-495.89360918558754	156.22881691111758
-101.74216027874564	-3.1510502944165856e-05	4.426465036915026e-05	0.00204670737505272	0.04851539805070821	-548.5070110863767	156.2288325928153
-101.04529616724739	-2.329839476074776e-05	4.947970890420568e-05	0.0069224668902842625	0.05855809196757873	-570.6448618692546	156.22884764090364
-100.34843205574913	-1.4159409345397176e-05	5.341431201471491e-05	0.0073725594367569786	0.06829001887586146	-445.62369108206343	156.22886199223026
-99.65156794425087	-4.279993483097421e-06	5.5951916500890784e-05	0.006056505011079086	0.07356619414004563	-207.6053748269151	156.2288756297034
-98.9547038327526	6.142071252988798e-06	5.70123074952336e-05	0.007910238932372214	0.07471163480133226	2.4035589291279944	156.22888856435105
-98.25783972125434	1.6904824914952928e-05	5.6554094113670634e-05	0.015058955123363258	0.07630509491956264	125.79255488811704	156.22890082319813
-97.56097560975608	2.780982792953288e-05	5.457619096505174e-05	0.02447550980001264	0.08257158908462808	256.0061613793704	156.2289124412994
-96.86411149825783	3.8670262689859564e-05	5.1118235234300416e-05	0.03089118866623116	0.09301292648508025	491.11581594499637	156.22892345669229
-96.16724738675957	4.931929570559453e-05	4.625991695917673e-05	0.032115456188491015	0.10280263128557345	783.9463569694063	156.22893390736198
-95.47038327526131	5.961856021646756e-05	4.01192289715315e-05	0.03134187130393162	0.1076887437608865	999.7890921739973	156.22894382955624
-94.77351916376305	6.946662675109602e-05	3.2849671971219374e-05	0.03396043946955428	0.10847842931636595	1087.2740244480156	156.22895325697934
-94.0766550522648	7.880734185425811e-05	2.463647858604398e-05	0.04199803956296397	0.11045048407232129	1124.9820897247616	156.22896222052918
-93.37979094076654	8.763793323131184e-05	1.5691947276955393e-05	0.05186567985550296	0.11813513852515303	1203.440599349623	156.22897074835254
-92.68292682926828	9.601680250663663e-05	6.250001839635954e-06	0.057860130132674936	0.13070918158087053	1316.5123602411059	156.22897886606586
-91.98606271777003	0.00010407095442152331	-3.4398856795976e-06	0.057994497620822615	0.14279655765526747	1389.0094193697341	156.2289865970442
-91.28919860627177	0.00011200304309730087	-1.3119252185184188e-05	0.05620167358445718	0.15003370047080905	1379.4004669580995	156.22899396272183
-90.59233449477351	0.00012009805146518308	-2.252750974074369e-05	0.05850078870844154	0.15380067147246496	1325.3631644622044	156.22900098286772
-89.89547038327525	0.00012872965842040493	-3.140893942263737e-05	0.06688519820598184	0.16018163084272144	1294.0607408450794	156.22900767582487
-89.198606271777	0.00013836638903884658	-3.9519625985264904e-05	0.07719012548259771	0.1740182402271307	1310.1233319380226	156.22901405870718
-88.50174216027874	0.00014957768547532577	-4.663414597052022e-05	0.08330575240014258	0.19403990682089156	1340.5828459862764	156.22902014755473
-87.80487804878048	0.00016304007921319615	-5.255182640649848e-05	0.0836099262266377	0.21416597431546283	1339.688206831034	156.22902595745583
-87.10801393728222	0.0001795436882287135	-5.71024007241017e-05	0.0830312489594377	0.22986877481806045	1296.2578153674237	156.22903150263951
-86.41114982578397	0.0001999993046739375	-6.0150902791439836e-05	0.08842832207259112	0.24318913506052084	1237.0324910353106	156.22903679654831
-85.71428571428571	0.00022544637893377886	-6.160165868901141e-05	0.10181884174583254	0.2611365316008982	1192.6675239325907	156.22904185189333
-85.01742160278745	0.0002570622437487355	-6.140125859485627e-05	0.11841377410084643	0.2888621358618015	1167.1439657594249	156.2290466807002
-84.3205574912892	0.0002961729567099319	-5.9540417336144005e-05	0.1317111381526237	0.32448532779652606	1138.965041362503	156.22905129434687
-83.62369337979094	0.0003442661702530283	-5.605466114334344e-05	0.14066032507325582	0.3610319025764514	1086.4236570260325	156.22905570359617
-82.92682926829268	0.0004030064647181317	-5.102380915592027e-05	0.15153480196960697	0.39378407787049224	1008.5552805032721	156.22905991862754
-82.22996515679442	0.0004742536017338583	-4.457025048331149e-05	0.17232904967672802	0.42563315183324724	923.4731013946046	156.22906394906505
-81.53310104529616	0.0005600841716555106	-3.685605023392478e-05	0.20518268641717716	0.4647655078978106	850.2389355939387	156.2290678040062
-80.8362369337979	0.0006628171199203585	-2.8078950047848894e-05	0.244652061638183	0.5167360148073045	793.8177075530756	156.22907149204903
-80.13937282229965	0.0007850436427606023	-1.8467359390670853e-05	0.28393210892073345	0.5789360954384036	745.552721379831	156.2290750213196
-79.44250871080139	0.0009296619427480352	-8.274462377009485e-06	0.32294228176448914	0.6433632985459675	695.0768107488371	156.22907839949764
-78.74564459930313	0.0010999173291640731	2.2284096525241224e-06	0.36993743609036106	0.7052332603768118	640.4853024250125	156.22908163384284
-78.04878048780488	0.0012994481373641942	1.2758967869954144e-05	0.4346380681291818	0.7687439754333655	588.2517759142505	156.2290847312183
-77.3519163763066	0.0015323379253136893	2.303152878783678e-05	0.5196380080090769	0.8438162018791532	545.4521766167198	156.2290876981157
-76.65505226480835	0.0018031743846183303	3.276474858592912e-05	0.6190265614177307	0.9367387915710357	513.0869485866228	156.2290905406765
-75.95818815331009	0.002117115377895333	4.168932030697564e-05	0.7261174027540054	1.0441996147894739	486.2758252284693	156.22909326471364
-75.26132404181183	0.0024799624846024923	4.95554238657469e-05	0.8427462627551195	1.1571898343430824	459.64189244991906	156.22909587573173
-74.56445993031357	0.002898242403658316	5.613972306507666e-05	0.9805063207023975	1.2713034755826804	431.931127326665	156.22909837894582
-73.86759581881532	0.0033792965237410193	6.125171376647115e-05	1.1521672444731978	1.3930259123546491	405.91038717126025	156.22910077929882
-73.17073170731706	0.003931378931079972	6.473924275751475e-05	1.3617397484912719	1.5351606149178818	384.6808835456004	156.22910308147772
-72.4738675958188	0.00456376308014296	6.649303738908846e-05	1.6036417075254104	1.705528737759699	368.51321706796483	156.22910528992904
-71.77700348432055	0.0052868573047783075	6.645011121282412e-05	1.8725557357814908	1.9004558934107765	354.96010356912205	156.22910740887315
-71.08013937282229	0.006112329296080297	6.459594000883821e-05	2.1744096081771813	2.110334762622701	341.4610206943449	156.22910944231745
-70.38327526132403	0.007053239618274306	6.0965335014427864e-05	2.5270319269111647	2.3323390658858814	327.5549883948375	156.2291113940685
-69.68641114982577	0.008124184274962228	5.564197498701159e-05	2.949100421997362	2.5774334524763147	314.7534857366786	156.22911326774366
-68.98954703832752	0.00934144627460309	4.875659506521056e-05	3.4483161232835426	2.8638661615975125	304.6413228809434	156.229115066782
-68.29268292682926	0.010723156075605752	4.048386721191677e-05	4.0214819277802105	3.2030630766217523	297.2851499929614	156.2291167944535
-67.595818815331	0.012289460717109235	3.1038043371849064e-05	4.667611438874582	3.5924724591121744	291.3603180509537	156.22911845386906
-66.89895470383274	0.01406270136061403	2.0667467317435932e-05	5.401416432762027	4.023857974277968	285.5718059972403	156.2291200479892
-66.20209059233449	0.016067598879219304	9.648093498144544e-06	6.252928991699597	4.499885797519915	279.82584832730385	156.2291215796316
-65.50522648083623	0.018331447034326726	-1.7238197980058339e-06	7.252465171412596	5.042318719695606	275.10106867144356	156.22912305147975
-64.80836236933797	0.020884312673344164	-1.313965098432905e-05	8.415819066794532	5.682493195070205	272.3472857461493	156.2291244660889
-64.11149825783971	0.023759242265172204	-2.4286777685961165e-05	9.745978048008146	6.442963277704472	271.59615760079123	156.22912582589368
-63.414634146341456	0.026992473962208312	-3.4857135373110605e-05	11.251644760024684	7.329996019512624	272.0948721420829	156.22912713321426
-62.7177700348432	0.030623654237462588	-4.4555738203385535e-05	12.9645047598195	8.347526412756809	273.1996410729824	156.22912839026213
-62.02090592334494	0.03469605799250685	-5.3108926468786414e-05	14.935907195503093	9.521465751003115	275.0832858859508	156.22912959914555
-61.32404181184668	0.039256810866040395	-6.0272109852058346e-05	17.213084628877873	10.910648738138732	278.60262866881357	156.2291307618755
-60.627177700348426	0.044357112293581184	-6.583678696015143e-05	19.817059252974733	12.592236734822093	284.5456259976548	156.2291318803704
-59.93031358885017	0.05005245767656176	-6.96366390923898e-05	22.745138341311446	14.636309825157447	293.05106709746053	156.22913295645986
-59.23344947735191	0.0564028578143085	-7.155251952447454e-05	25.995476173302773	17.09958675922191	303.75299488174505	156.229133991891
-58.536585365853654	0.06347305353614932	-7.151618815320634e-05	29.58223579757292	20.051902316262787	316.4367635781742	156.22913498833103
-57.839721254355396	0.07133272324459183	-6.951267446077154e-05	33.50903730346399	23.611155241303184	331.4577906196218	156.2291359473718
-57.14285714285714	0.0800566808461733	-6.558118851298133e-05	37.70497498972047	27.93835719963952	349.3677912237348	156.22913687053398
-56.44599303135888	0.08972506130667245	-5.981453918395818e-05	41.97422350784237	33.164250917174925	369.93251923222573	156.22913775926983
-55.749128919860624	0.10042349082489926	-5.2357059859875256e-05	46.02263756336019	39.27620263123552	391.3445560528769	156.2291386149671
-55.05226480836237	0.11224323837791399	-4.340108347912587e-05	49.580750713892975	46.04432933122602	410.3899218739059	156.22913943895216
-54.35540069686411	0.1252813451543039	-3.3182049670305095e-05	52.56769582963317	53.06128659010482	423.6481169247585	156.2291402324929
-53.65853658536585	0.1396407281658325	-2.1972365861201743e-05	55.192888032180896	59.9025041390613	429.03806076489263	156.2291409968017
-52.961672473867594	0.1554302541164292	-1.0074180407085989e-05	57.91620922634687	66.32737259553815	426.75813998576666	156.22914173303732
-52.26480836236934	0.1727647794167524	2.1887420382756454e-06	61.273921053536654	72.40274655339341	419.0783012150765	156.22914244230927
-51.56794425087108	0.19176515206838646	1.4479825440441415e-05	65.66654278122242	78.47259421351795	409.18610374627525	156.22914312567804
-50.87108013937282	0.21255817101040747	2.6458928661266382e-05	71.2305735119929	84.9946731585508	399.8237506497116	156.22914378415942
-50.174216027874564	0.23527649842894613	3.779177915121405e-05	77.85868063196698	92.34724179353178	392.4520035554124	156.22914441872496
-49.47735191637631	0.2600585204842618	4.815933207109719e-05	85.33551551068719	100.71786125705144	387.22843854148755	156.22914503030515
-48.78048780487805	0.2870481519159563	5.726679206268726e-05	93.48972004416382	110.12023790938163	383.56485269045555	156.22914561979113
-48.08362369337979	0.3163945800519956	6.485204153160565e-05	102.27083910497939	120.49716561243515	380.77832391692783	156.22914618803574
-47.386759581881535	0.3482519438770822	7.069323317995456e-05	111.72776515769243	131.82248432813088	378.46105697693383	156.2291467358566
-46.68989547038328	0.3827789440162528	7.46153254709276e-05	121.93571855341239	144.1381297149793	376.4949914048275	156.22914726403712
-45.99303135888502	0.42013837976566404	7.649536708150157e-05	132.94041939870567	157.52504824966041	374.8784826794601	156.22914777332747
-45.29616724738676	0.46049660965841904	7.626636960386885e-05	144.7546521753373	172.05497540675685	373.5771190353365	156.2291482644472
-44.599303135888505	0.5040229324925646	7.391964587495632e-05	157.39090287895056	187.77029476525664	372.497352373092	156.22914873808588
-43.90243902439022	0.5508888862734913	6.950553334015736e-05	170.8885516578076	204.7017955400135	371.54539946191693	156.2291491949049
-43.20557491289196	0.601267463134937	6.313246663254632e-05	185.30991758008867	222.8978661485452	370.6809697935575	156.22914963553808
-42.508710801393704	0.6553322390017695	5.496440986236871e-05	200.7141315758224	242.43388612316284	369.91473267630346	156.22915006059407
-41.81184668989545	0.7132564175418978	4.5216705597455235e-05	217.1372711883243	263.39512463185116	369.26601953341503	156.22915047065598
-41.11498257839719	0.7752117888213848	3.4150442944845824e-05	234.59676010785327	285.85285336397595	368.7282910664479	156.22915086628393
-40.41811846689893	0.8413676040211782	2.206549012478363e-05	253.1122746188369	309.8570983726323	368.27001493913616	156.22915124801517
-39.721254355400674	0.9118893685896033	9.292376229648285e-06	272.7206050919173	335.450438472005	367.86003971750733	156.22915161636539
-39.02439024390242	0.9869375572843216	-3.816758648520828e-06	293.4705067030104	362.68649959748643	367.4879244854231	156.2291519718299
-38.32752613240416	1.0666662556905897	-1.6897897161811694e-05	315.40446521596385	391.63416563529154	367.1618559387874	156.2291523148837
-37.6306620209059	1.1512217339788868	-2.958529273162357e-05	338.54617735158934	422.3643965035183	366.89117662529475	156.22915264598328
-36.933797909407645	1.2407409598708752	-4.1521747923062626e-05	362.9050526342307	454.9337036704967	366.67270816044754	156.22915296556718
-36.23693379790939	1.3353500590044018	-5.23687328606606e-05	388.4913957254609	489.3801868715749	366.49223053983667	156.22915327405622
-35.54006968641113	1.4351627321100004	-6.181605521502716e-05	415.32611950561613	525.7343145860115	366.3362983056065	156.22915357185525
-34.84320557491287	1.5402786396164714	-6.959080345640254e-05	443.43560475535014	564.0320496233344	366.20132791368445	156.22915385935283
-34.146341463414615	1.6507817654737504	-7.54653032468366e-05	472.83762720371726	604.3166764804158	366.0921774012289	156.22915413692255
-33.44947735191636	1.7667387730989972	-7.92638527108719e-05	503.53253113055894	646.6278471037472	366.0136101521189	156.2291544049233
-32.7526132404181	1.8881973673976078	-8.086803512691594e-05	535.5075841001997	690.9890004074554	365.9638266000891	156.22915466370034
-32.05574912891984	2.0151846777653843	-8.02204464995083e-05	568.7489255991704	737.405071990832	365.93554908828736	156.2291549135855
-31.358885017421585	2.147705677822295	-7.73267194255957e-05	603.2484766031288	785.8714474366056	365.92219040752303	156.22915515489765
-30.662020905923328	2.2857416583433046	-7.22557724091115e-05	638.9990287766947	836.3840004076412	365.9224550817452	156.22915538794385
-29.96515679442507	2.429248770419492	-6.513826406832637e-05	675.9828458184875	888.9396919117573	365.93939163791623	156.22915561301886
-29.268292682926813	2.578156656286217	-5.616328289273409e-05	714.1651785146192	943.5272213939681	365.9757355003323	156.2291558304067
-28.571428571428555	2.7323671854785574	-4.5573354123044845e-05	753.4985525760711	1000.1170989627291	366.03047776953645	156.2291560403806
-27.874564459930298	2.891753314003962	-3.365789421917654e-05	793.9327191293412	1058.6605440891838	366.09961839250633	156.22915624320285
-27.17770034843204	3.056158084045571	-2.0745288988396966e-05	835.4198943690885	1119.0973765774772	366.17969902223797	156.22915643912674
-26.480836236933783	3.22539378131807	-7.193812333183357e-06	877.9102064329251	1181.3642079815525	366.2703676308913	156.22915662839551
-25.783972125435525	3.3992412665832634	6.618362473758026e-06	921.3422849716684	1245.39448295935	366.3737261998571	156.22915681124314
-25.087108013937268	3.577449496991492	2.030377914279544e-05	965.638514822997	1311.1105124546452	366.4915557978361	156.22915698789535
-24.39024390243901	3.7597352518456675	3.347664242193591e-05	1010.7093922816216	1378.4156364444502	366.6233244250106	156.22915715856914
-23.693379790940753	3.945783076089506	4.576377838411278e-05	1056.462210679648	1447.1941747939206	366.76672125316117	156.22915732347332
-22.996515679442496	4.135245453305816	5.681529689266422e-05	1102.8052936571569	1517.3187815430995	366.9198471139198	156.22915748280934
-22.299651567944238	4.32774321828285	6.631464865330826e-05	1149.6438989978474	1588.6575589599897	367.0827639940289	156.22915763677113
-21.60278745644598	4.522866217279644	7.398778471911676e-05	1196.8724337507974	1661.0739706391996	367.2570249114386	156.22915778554525
-20.905923344947723	4.720174222009904	7.96111503532963e-05	1244.3711291159009	1734.4201599481912	367.44388874917644	156.2291579293117
-20.209059233449466	4.919198101087364	8.301827714139827e-05	1292.0105725953122	1808.5308974971617	367.64307014094277	156.2291580682436
-19.51219512195121	5.119441250256041	8.410477629002757e-05	1339.6595804731433	1883.2245187433466	367.8531342720517	156.22915820250802
-18.81533101045295	5.320381280190889	8.283158112151847e-05	1387.188822074221	1958.3100603247433	368.0729556681711	156.22915833226583
-18.118466898954694	5.5214719580258995	7.922633648029173e-05	1434.4672212261773	2033.5937471029265	368.30272421952156	156.229158457672
-17.421602787456436	5.722145396077513	7.338288583372608e-05	1481.3555411210666	2108.878999451845	368.5435891065004	156.22915857887605
-16.72473867595818	5.921814478513488	6.545886159024046e-05	1527.7042434895059	2183.960913119295	368.7964278110681	156.22915869602207
-16.02787456445992	6.119875514004036	5.567143910429857e-05	1573.3582194522214	2258.6217208333987	369.0610050667068	156.22915880924896
-15.331010452961664	6.315711099718358	4.429136831947275e-05	1618.164081501803	2332.6325877508634	369.3362794473452	156.2291589186904
-14.634146341463406	6.5086931794302405	3.163544739923344e-05	1661.9733633695862	2405.760638044515	369.62144222490315	156.22915902447568
-13.937282229965149	6.698186276006463	1.8057648657469894e-05	1704.6393566816273	2477.7749971185676	369.9166161497806	156.2291591267292
-13.240418118466891	6.883550876207064	3.939147051644046e-06	1746.011794243488	2548.44691207364	370.2225724396612	156.2291592255711
-12.543554006968634	7.064146943558946	-1.0322465581004314e-05	1785.9356235053149	2617.545169124015	370.53982593024676	156.22915932111718
-11.846689895470377	7.239337533108951	-2.4324472593704154e-05	1824.2558311109135	2684.8327369532826	370.8680323605202	156.229159413479
-11.149825783972119	7.40849248014651	-3.767050707459677e-05	1860.8241823514338	2750.0691765337892	371.206240095691	156.2291595027642
-10.452961672473862	7.570992133540042	-4.9981878514344e-05	1895.5019819162046	2813.0174712161256	371.5536795081502	156.22915958907706
-9.756097560975604	7.726231103177683	-6.0908424388332826e-05	1928.1571506711803	2873.449583243645	371.91028135064516	156.22915967251754
-9.059233449477347	7.873621990164407	-7.01385721265208e-05	1958.6596584821486	2931.1465277359584	372.2764413876597	156.22915975318278
-8.36236933797909	8.01259906792075	-7.740831888520549e-05	1986.8808580391535	2985.8943930104806	372.65231447743884	156.22915983116562
-7.665505226480832	8.142621882166743	-8.250886709485182e-05	2012.698162547909	3037.4817511459714	373.03735693264065	156.22915990655662
-6.968641114982574	8.263178737966477	-8.529269207029728e-05	2036.0010858579749	3085.702329693586	373.4305456603389	156.22915997944256
-6.271777003484317	8.373790042558385	-8.567786294710411e-05	2056.693387660388	3130.3614056301876	373.8310171144109	156.2291600499074
-5.5749128919860595	8.474011473602683	-8.365048852199586e-05	2074.6900866668084	3171.28067124212	374.23847736576016	156.2291601180322
-4.878048780487802	8.563436943734391	-7.926521378412785e-05	2089.913232909792	3208.2979726718236	374.65299718000114	156.22916018389515
-4.181184668989545	8.641701333908491	-7.264374941449605e-05	2102.2913968641337	3241.263519342321	375.07442876412966	156.22916024757197
-3.484320557491287	8.708482969945598	-6.39714736635104e-05	2111.7638909834777	3270.0375937012395	375.50203836593323	156.22916030913518
-2.7874564459930298	8.763505818914018	-5.349220210887032e-05	2118.2858864240416	3294.4930693777487	375.9347077860357	156.22916036865564
-2.0905923344947723	8.806541384491291	-4.150127416495267e-05	2121.8297152619552	3314.5210465944633	376.37148354157927	156.22916042620096
-1.3937282229965149	8.83741028320795	-2.8337154325248334e-05	2122.3815184088894	3330.034742260594	376.81192124458903	156.229160481837
-0.6968641114982574	8.85598348645458	-1.437178948009582e-05	2119.9369988475128	3340.9685578215535	377.2558974650636	156.22916053562736
0.0	8.862183216297185	0.0	2114.5007366307123	3347.27406297193	377.70309880486707	156.22916058763283
0.6968641114982574	8.85598348645458	1.437178948009582e-05	2106.0897251722276	3348.9175655160657	378.15270915939	156.22916063791274
1.3937282229965433	8.83741028320795	2.833715432521412e-05	2094.737429761826	3345.882096686078	378.60360361836473	156.22916068652452
2.0905923344948008	8.80654138449129	4.150127416507187e-05	2080.4941392299693	3338.1720026474286	379.0548471182459	156.22916073352306
2.787456445993058	8.763505818914016	5.3492202108989594e-05	2063.423113041348	3325.815627245247	379.50599917039676	156.22916077896184
3.4843205574913156	8.708482969945596	6.397147366355093e-05	2043.5961637484766	3308.8634657497855	379.9569299242787	156.22916082289248
4.181184668989573	8.64170133390849	7.264374941446622e-05	2021.092694977198	3287.383645735458	380.4073444337694	156.22916086536452
4.8780487804878305	8.563436943734388	7.926521378412526e-05	1996.0025521467294	3261.4590901095953	380.8564990650176	156.2291609064263
5.574912891986088	8.47401147360268	8.365048852171345e-05	1968.4291180507892	3231.188779567545	381.30339546226634	156.22916094612404
6.271777003484345	8.37379004255838	8.567786294728038e-05	1938.4888488066817	3196.6912148261017	381.74725712791735	156.22916098450304
6.968641114982603	8.263178737966474	8.529269207062717e-05	1906.3070464319214	3158.105879748862	382.18781205392014	156.22916102160644
7.66550522648086	8.142621882166738	8.250886709503876e-05	1872.0133925346931	3115.590488524638	382.62510088920595	156.22916105747626
8.362369337979118	8.012599067920746	7.74083188854329e-05	1835.7408737411813	3069.3159711764906	383.05900621018293	156.22916109215305
9.059233449477375	7.873621990164402	7.01385721262624e-05	1797.6281921961522	3019.463269064576	383.48897867405327	156.22916112567614
9.756097560975633	7.726231103177674	6.090842438834085e-05	1757.8222146932576	2966.2239958635078	383.9142395012962	156.22916115808346
10.45296167247389	7.570992133540032	4.9981878514365646e-05	1716.4770311033408	2909.8029928708893	384.33426024613595	156.22916118941149
11.149825783972148	7.408492480146504	3.767050707426862e-05	1673.7496689308762	2850.418866297033	384.74903811049256	156.22916121969564
11.846689895470405	7.2393375331089445	2.4324472594087978e-05	1629.7958721323919	2788.300644938303	385.15888449368344	156.2291612489702
12.543554006968662	7.0641469435589395	1.0322465580387168e-05	1584.7692198071254	2723.68258873412	385.5639321704677	156.22916127726836
13.24041811846692	6.883550876207052	-3.93914705211836e-06	1538.8234433658654	2656.800956682511	385.963855728068	156.22916130462204
13.937282229965177	6.698186276006457	-1.8057648657534834e-05	1492.1146079079963	2587.8944635259923	386.3580944846066	156.2291613310622
14.634146341463435	6.508693179430233	-3.163544739914679e-05	1444.800062271115	2517.2063933012478	386.7463631002578	156.22916135661868
15.331010452961692	6.315711099718348	-4.4291368319118694e-05	1397.034418851242	2444.984715165681	387.1289350773179	156.22916138132078
16.02787456445995	6.119875514004029	-5.56714391047377e-05	1348.9658541460192	2371.4786509387764	387.5063988838897	156.229161405196
16.724738675958207	5.921814478513481	-6.545886158992238e-05	1300.7356800501173	2296.933778675783	387.8791145634779	156.2291614282717
17.421602787456465	5.722145396077506	-7.338288583414072e-05	1252.4808358465975	2221.589230763869	388.24691420700566	156.22916145057405
18.118466898954722	5.521471958025891	-7.922633648013208e-05	1204.3360736447469	2145.678417261822	388.6093624805233	156.2291614721282
18.81533101045298	5.3203812801908805	-8.283158112106492e-05	1156.4330436675602	2069.431189574231	388.96633235137625	156.22916149295867
19.512195121951237	5.119441250256033	-8.410477629018425e-05	1108.8967268745905	1993.074023139871	389.31831477114383	156.22916151308934
20.209059233449494	4.919198101087355	-8.301827714114925e-05	1061.8423904714248	1916.8269425244298	389.66612497572146	156.22916153254283
20.90592334494775	4.720174222009898	-7.961115035334754e-05	1015.3757182733202	1840.8993086478831	390.01027229372687	156.22916155134143
21.60278745644601	4.522866217279634	-7.398778471879311e-05	969.5955822950845	1765.4877889757067	390.350623900808	156.2291615695068
22.299651567944267	4.327743218282845	-6.631464865357527e-05	924.5963341186635	1690.7776680141274	390.68672748431123	156.22916158705937
22.996515679442524	4.135245453305807	-5.681529689236701e-05	880.4671001086018	1616.9453697741146	391.01849810647707	156.2291616040193
23.69337979094078	3.9457830760894987	-4.5763778384147064e-05	837.2886927924668	1544.1589867335986	391.3465762681781	156.2291616204058
24.39024390243904	3.7597352518456626	-3.3476642422574565e-05	795.131201790439	1472.5757844652148	391.671957078701	156.2291616362379
25.087108013937296	3.577449496991485	-2.0303779142474204e-05	754.0546433165033	1402.338824721603	391.99522047352605	156.22916165153367
25.783972125435554	3.399241266583257	-6.618362473572771e-06	714.111974175592	1333.5758042096502	392.3161346912565	156.22916166631057
26.48083623693381	3.225393781318062	7.193812333017937e-06	675.3514550585461	1266.4010185554696	392.6340776132935	156.22916168058572
27.17770034843207	3.0561580840455616	2.0745288987624967e-05	637.8161050551156	1200.9182919555035	392.94890164726064	156.22916169437562
27.874564459930326	2.8917533140039535	3.3657894218815545e-05	601.5410064721552	1137.22187175037	393.26137004550367	156.22916170769588
28.571428571428584	2.7323671854785507	4.5573354123336936e-05	566.5514141450375	1075.3944819462502	393.57266395579836	156.2291617205623
29.26829268292684	2.5781566562862097	5.616328289297895e-05	532.8637972105662	1015.504693787726	393.88339059085774	156.22916173298958
29.9651567944251	2.429248770419485	6.513826406816607e-05	500.4889791398359	957.6065018895735	394.19309074894664	156.229161744992
30.662020905923356	2.2857416583432983	7.225577240978918e-05	469.43446772837217	901.7417923845828	394.5008171217071	156.22916175658358
31.358885017421613	2.1477056778222896	7.732671942557049e-05	439.7039575758203	847.9435255514816	394.80628186564206	156.22916176777778
32.05574912891987	2.015184677765378	8.022044650042469e-05	411.29489486764544	796.236829243695	395.11041541007774	156.2291617785879
32.75261324041813	1.8881973673976034	8.08680351272254e-05	384.1969516235387	746.6374052597142	395.4146755682878	156.22916178902634
33.449477351916386	1.7667387730989916	7.926385271107013e-05	358.39330517751176	699.1494163179871	395.71969915381146	156.22916179910547
34.14634146341464	1.6507817654737456	7.546530324701261e-05	333.8637662642223	653.7655472092843	396.0246575117711	156.22916180883686
34.8432055749129	1.5402786396164663	6.95908034560208e-05	310.58695480711845	610.4697259536538	396.3280905696074	156.2291618182323
35.54006968641116	1.4351627321099967	6.181605521474001e-05	288.5397311794303	569.2403214480495	396.6295107355808	156.22916182730256
36.236933797909415	1.3353500590043983	5.236873286061564e-05	267.69488893860057	530.0512044702997	396.9301546275906	156.22916183605838
36.93379790940767	1.2407409598708714	4.152174792337865e-05	248.0198506460229	492.8702672749493	397.2319626811297	156.2291618445104
37.63066202090593	1.1512217339788828	2.9585292731334827e-05	229.478046675218	457.6575733337557	397.5356459649062	156.22916185266857
38.32752613240419	1.0666662556905866	1.689789716205255e-05	212.03191345797686	424.3656473481083	397.83979854405874	156.22916186054238
39.024390243902445	0.9869375572843186	3.816758648336832e-06	195.64481794216468	392.94220987846035	398.14216245002945	156.22916186814143
39.7212543554007	0.9118893685896003	-9.292376229813571e-06	180.280327305472	363.3331770225313	398.44198934734635	156.2291618754747
40.41811846689896	0.8413676040211747	-2.206549012480894e-05	165.89993271166787	335.48349576818936	398.741102917383	156.22916188255113
41.11498257839722	0.775211788821383	-3.4150442944890256e-05	152.46186397400533	309.3355887569553	399.04231208469	156.22916188937904
41.811846689895475	0.7132564175418947	-4.521670559714232e-05	139.92247333420022	284.8275774803156	399.3464898165659	156.229161895967
42.50871080139373	0.6553322390017678	-5.4964409862801966e-05	128.23903140664197	261.89361950359466	399.6512880235997	156.22916190232257
43.20557491289199	0.6012674631349356	-6.31324666324912e-05	117.37134963791263	240.4664984531081	399.95315631969123	156.22916190845385
43.90243902439025	0.5508888862734891	-6.950553333994334e-05	107.28084660245308	220.4802988123452	400.2510059613466	156.229161914368
44.599303135888505	0.5040229324925646	-7.391964587495632e-05	97.9282570878845	201.87091253397062	400.5477871452851	156.22916192007247
45.29616724738679	0.46049660965841743	-7.626636960403849e-05	89.27251622400458	184.5743152087499	400.84789199104455	156.2291619255742
45.99303135888505	0.4201383797656624	-7.649536708148753e-05	81.27210742561978	168.52477112639812	401.1525035996	156.22916193087994
46.689895470383306	0.38277894401625	-7.461532547077215e-05	73.88763556839466	153.65513506457933	401.4576417749356	156.22916193599627
47.38675958188156	0.34825194387708036	-7.069323317981851e-05	67.08314679491853	139.89923715475382	401.75755328844764	156.22916194092937
48.08362369337982	0.31639458005199494	-6.485204153136456e-05	60.82499829112704	127.19420040679879	402.0507003163124	156.22916194568563
48.78048780487808	0.2870481519159537	-5.7266792063056084e-05	55.079555189218134	115.4806066140258	402.3422194126573	156.2291619502708
49.477351916376335	0.26005852048426104	-4.815933207085645e-05	49.81214188077856	104.70059828109868	402.6394483531527	156.22916195469077
50.17421602787459	0.2352764984289449	-3.77917791511341e-05	44.988357821491306	94.79605885832511	402.94412486721683	156.22916195895087
50.87108013937285	0.21255817101040517	-2.6458928660964517e-05	40.57644801354301	85.70887681511563	403.249265724021	156.22916196305675
51.56794425087111	0.1917651520683861	-1.4479825440342798e-05	36.54835583585049	77.38313901150377	403.5451563180932	156.22916196701343
52.264808362369365	0.17276477941675036	-2.188742038400834e-06	32.87843610356966	69.76712544935062	403.8296590760446	156.2291619708261
52.96167247386762	0.15543025411642925	1.0074180407184667e-05	29.541172520408715	62.81318246353562	404.1122357524435	156.22916197449948
53.65853658536588	0.1396407281658321	2.1972365861195664e-05	26.51022132312147	56.475698697052906	404.40583973464885	156.22916197803832
54.35540069686414	0.12528134515430256	3.318204967024525e-05	23.759722262667076	50.709302162808406	404.71313216884784	156.22916198144725
55.052264808362395	0.11224323837791293	4.340108347938165e-05	21.26650537263056	45.46912657601873	405.0212495482435	156.22916198473064
55.74912891986065	0.10042349082489833	5.2357059859602843e-05	19.010926737793014	40.7128621432487	405.3129318394038	156.22916198789278
56.44599303135891	0.08972506130667156	5.981453918417727e-05	16.975475134780353	36.402490071884806	405.5852043571786	156.2291619909378
57.14285714285717	0.0800566808461733	6.558118851262502e-05	15.142550469366325	32.50393256808761	405.8562743152432	156.22916199386967
57.839721254355425	0.07133272324459164	6.951267446057994e-05	13.493629989090516	28.984967423239354	406.1500704323902	156.2291619966923
58.53658536585368	0.06347305353614881	7.151618815298668e-05	12.010603669880007	25.813495424597498	406.4705994023204	156.22916199940943
59.23344947735194	0.0564028578143084	7.155251952443665e-05	10.67785446775987	22.957856382469302	406.79274859310897	156.22916200202462
59.9303135888502	0.05005245767656136	6.963663909261555e-05	9.482921708744707	20.38878890910636	407.0840290583683	156.22916200454156
60.627177700348454	0.04435711229358055	6.583678695999913e-05	8.41504392090952	18.080965114973157	407.3402076036333	156.22916200696326
61.32404181184671	0.039256810866041186	6.0272109851942404e-05	7.46302956377049	16.01248092483827	407.5976792310727	156.22916200929342
62.02090592334497	0.034696057992506954	5.310892646889816e-05	6.6145658230884985	14.162765187816362	407.90245329990694	156.22916201153498
62.71777003484323	0.030623654237462068	4.455573820313927e-05	5.857595988707486	12.510960546372964	408.2599516843538	156.22916201369108
63.414634146341484	0.026992473962208514	3.485713537305202e-05	5.182296973715122	11.036324535919062	408.61811782549296	156.22916201576453
64.11149825783974	0.023759242265172033	2.4286777685962314e-05	4.581600092275604	9.720135921727726	408.91213341505147	156.2291620177584
64.808362369338	0.020884312673344275	1.3139650984402413e-05	4.04969716443425	8.547074063563917	409.13593339281056	156.22916201967544
65.50522648083626	0.01833144703432715	1.7238197982164425e-06	3.5800196128597643	7.504595839828578	409.36534404197903	156.22916202151814
66.20209059233451	0.016067598879219408	-9.64809349835764e-06	3.1646952389873664	6.580877703451992	409.6925545947284	156.22916202328938
66.89895470383277	0.014062701360613421	-2.0667467317502126e-05	2.795970880316762	5.7633360320423375	410.12267621787396	156.22916202499147
67.59581881533103	0.01228946071710881	-3.103804337209787e-05	2.4680966308294896	5.039131977378218	410.5414625161274	156.22916202662702
68.29268292682929	0.010723156075605679	-4.048386721154516e-05	2.177719497576521	4.397045199657647	410.81227143679575	156.22916202819817
68.98954703832754	0.009341446274603402	-4.875659506509814e-05	1.9223663196356702	3.828725435458144	410.9272074247334	156.2291620297073
69.6864111498258	0.008124184274962616	-5.564197498710694e-05	1.6985351909344755	3.327985535500036	411.05198076244625	156.22916203115653
70.38327526132406	0.007053239618274017	-6.096533501441599e-05	1.5012950980599722	2.888798959308761	411.3795816184164	156.22916203254803
71.08013937282232	0.006112329296080139	-6.459594000878429e-05	1.3257478367859385	2.5039709809224586	411.9052417538436	156.22916203388405
71.77700348432057	0.005286857304778415	-6.64501112127071e-05	1.1688197882031424	2.165752430851004	412.3619582826554	156.22916203516618
72.47386759581883	0.004563763080142971	-6.64930373892711e-05	1.0295360308615387	1.8676887184956166	412.44237096456186	156.22916203639667
73.17073170731709	0.003931378931080141	-6.473924275753736e-05	0.9074867808110905	1.6057584385890997	412.1360378298383	156.22916203757728
73.86759581881535	0.0033792965237409386	-6.12517137665762e-05	0.8010298076574487	1.377599752268217	411.81993395355397	156.22916203870963
74.5644599303136	0.002898242403657915	-5.61397230650614e-05	0.7070240964841094	1.1805744487768952	411.9123234223931	156.22916203979574
75.26132404181186	0.0024799624846018374	-4.9555423865650406e-05	0.6223223927548245	1.010591219720464	412.35234463073965	156.22916204083705
75.95818815331012	0.0021171153778960718	-4.1689320307075744e-05	0.545469322736482	0.8628242670205138	412.46066302099194	156.22916204183525
76.65505226480838	0.001803174384618156	-3.27647485856879e-05	0.4768618223813593	0.733536799123497	411.4725095663619	156.22916204279198
77.35191637630663	0.0015323379253141534	-2.3031528788108675e-05	0.41720469223495116	0.6211129062954951	409.3365538136239	156.22916204370884
78.04878048780489	0.001299448137364638	-1.2758967869988374e-05	0.3658224966777784	0.5252261173142544	406.91663452388013	156.22916204458693
78.74564459930315	0.0010999173291638235	-2.2284096525357466e-06	0.32051914962377986	0.44497338449646306	405.14037621353395	156.22916204542798
79.4425087108014	0.0009296619427475719	8.274462376999096e-06	0.27909365243708417	0.37784477106083875	403.72843667129814	156.2291620462332
80.13937282229966	0.0007850436427607277	1.8467359390759727e-05	0.24094445510029885	0.32053677785285506	400.8626278006314	156.22916204700402
80.83623693379792	0.0006628171199205658	2.8078950047746813e-05	0.20712287062421103	0.27074367888768375	394.5281750731017	156.22916204774174
81.53310104529618	0.0005600841716555037	3.685605023412218e-05	0.1787840577903415	0.2280830655906752	384.5593474600282	156.2291620484474
82.22996515679444	0.0004742536017338658	4.457025048315407e-05	0.15560784518495585	0.19320968422232737	373.26484544637583	156.22916204912227
82.92682926829269	0.0004030064647185819	5.1023809155769964e-05	0.135777353049207	0.1660174877733318	363.4656463774908	156.22916204976775
83.62369337979095	0.0003442661702532589	5.605466114338157e-05	0.11751160571036585	0.14474568707561572	355.4455084844726	156.22916205038453
84.32055749128921	0.0002961729567101227	5.954041733623994e-05	0.10057660498339116	0.12687298803919486	346.1184518861337	156.22916205097394
85.01742160278746	0.00025706224374804184	6.140125859486467e-05	0.08623828457954354	0.11086683640893355	332.1999885416945	156.22916205153697
85.71428571428572	0.00022544637893372126	6.160165868907844e-05	0.07571468077310557	0.09699983367238303	314.97342745979665	156.2291620520746
86.41114982578398	0.00019999930467467508	6.015090279133532e-05	0.06870450436520141	0.0864089692409726	301.46132615458197	156.22916205258767
87.10801393728224	0.00017954368822886618	5.7102400723916685e-05	0.06347734906410252	0.079361483279014	299.30016837674924	156.22916205307743
87.8048780487805	0.00016304007921275987	5.25518264064158e-05	0.05841612015342937	0.07448572075194962	309.24065021055577	156.22916205354448
88.50174216027875	0.0001495776854757847	4.663414597037161e-05	0.05343404006965259	0.06973178265148303	323.3825256200371	156.22916205398994
89.19860627177701	0.00013836638903854274	3.9519625985090904e-05	0.04983185801278265	0.0640685412528618	333.00704340892486	156.22916205441442
89.89547038327527	0.00012872965842086875	3.1408939422356774e-05	0.048754830335933606	0.05818812569212617	339.4038132603796	156.2291620548188
90.59233449477352	0.00012009805146461095	2.2527509740437095e-05	0.04982583617560166	0.05351091935734438	355.24038880222787	156.229162055204
91.28919860627178	0.00011200304309731384	1.311925218518305e-05	0.05133798802684938	0.050511812414785015	391.91951482061467	156.22916205557055
91.98606271777004	0.00010407095442190171	3.4398856795938867e-06	0.05179821595545928	0.04806595557739791	444.92018029784214	156.22916205591932
92.6829268292683	9.601680250671296e-05	-6.2500018397005165e-06	0.05124767750442598	0.04446371990811295	495.72467958438676	156.22916205625103
93.37979094076655	8.763793323157322e-05	-1.5691947277228242e-05	0.05102598384560057	0.03904810771208707	532.7339302130943	156.22916205656634
94.07665505226481	7.880734185389429e-05	-2.4636478586036265e-05	0.05223472137841145	0.03280732880308786	567.9952694607682	156.2291620568658
94.77351916376307	6.94666267510944e-05	-3.284967197125635e-05	0.05447046454951413	0.027328807400647578	624.5480250965039	156.22916205715006
95.47038327526133	5.96185602163904e-05	-4.011922897137291e-05	0.05610978175348123	0.02318557228479535	703.6065472135358	156.2291620574198
96.16724738675958	4.931929570467393e-05	-4.625991695897255e-05	0.05584495106398952	0.019390664887212684	774.1531265300753	156.22916205767564
96.86411149825784	3.867026268966227e-05	-5.1118235234251085e-05	0.05390505036220218	0.014458338742166689	806.7831324500353	156.22916205791807
97.5609756097561	2.780982792919267e-05	-5.4576190964909807e-05	0.05172982507334151	0.007978539852890862	811.6048842721792	156.22916205814766
98.25783972125436	1.6904824915357505e-05	-5.6554094113608204e-05	0.05044160356672839	0.0011013278664499325	824.1052452292544	156.22916205836498
98.95470383275261	6.142071253323426e-06	-5.701230749525396e-05	0.04967425035617186	-0.004553483249706147	852.7878501737216	156.22916205857044
99.65156794425087	-4.279993483097421e-06	-5.5951916500890784e-05	0.04794193463467904	-0.008446806865481988	863.3379663795574	156.22916205876453
100.34843205574913	-1.4159409345397176e-05	-5.341431201471491e-05	0.044159811176450146	-0.011560173668168023	826.0642083967762	156.22916205894782
101.04529616724739	-2.329839476074776e-05	-4.947970890420568e-05	0.0387650715477471	-0.015293103307330082	760.3965328028727	156.22916205912077
101.74216027874564	-3.1510502944165856e-05	-4.426465036915026e-05	0.03330506147332649	-0.019951982617130545	712.3105772242433	156.2291620592836
102.4390243902439	-3.862710414658243e-05	-3.791857472211933e-05	0.02892152640594116	-0.024367797838181448	695.5665244540543	156.22916205943716
103.13588850174216	-4.450307400681946e-05	-3.061954512422483e-05	0.0252739764833133	-0.02702265081812739	677.3181674310988	156.2291620595814
103.83275261324042	-4.902158426165561e-05	-2.2569263837010308e-05	0.02098642931090367	-0.027532957545883748	626.0481890453251	156.229162059717
104.52961672473867	-5.2097911477892335e-05	-1.398751014112248e-05	0.015148926236838894	-0.02698561433665089	555.9715785892453	156.22916205984419
105.22648083623693	-5.3682201587616756e-05	-5.106154797652329e-06	0.008340700952603183	-0.026797987398445407	509.367080474105	156.2291620599634
105.92334494773519	-5.376115210041149e-05	3.837086523652144e-06	0.0021396757131208503	-0.027270274412972185	501.8516089258826	156.22916206007497
106.62020905923345	-5.235859932805244e-05	1.2604993272774738e-05	-0.0023747648458252143	-0.027299769001687926	503.15730944890925	156.22916206017922
107.3170731707317	-4.953502388036326e-05	2.0967105236503845e-05	-0.005603296468051354	-0.025536348572285896	477.7970975772815	156.22916206027656
108.01393728222996	-4.538601343989156e-05	2.870574842083363e-05	-0.008905451764983764	-0.02179561597708305	431.6548323851362	156.22916206036717
108.71080139372822	-4.0039746643807105e-05	3.5621665116222796e-05	-0.013119273788290628	-0.01729477676670255	403.8213093300423	156.22916206045136
109.40766550522648	-3.365358503002287e-05	4.153910372742525e-05	-0.017632217302146043	-0.013480784708394587	415.00278318617995	156.22916206052946
110.10452961672473	-2.6409880965203128e-05	4.631023966772019e-05	-0.020942118344933328	-0.0106480251127931	440.18111365060855	156.2291620606018
110.80139372822299	-1.8511127520037935e-05	4.981881758040239e-05	-0.022129176287545783	-0.007745600864882557	441.0676199156977	156.2291620606687
111.49825783972125	-1.0174591064994218e-05	5.1982926738590136e-05	-0.02174139365096902	-0.003557045011023595	415.70845905308903	156.22916206073026
112.19512195121956	-1.6265784948927079e-06	5.27568452083545e-05	-0.02120227495968084	0.001956903636926857	400.3624969016878	156.22916206078665
112.89198606271782	6.9035018921847164e-06	5.2131913471652364e-05	-0.021353757248564136	0.007517080831207432	421.3164904875963	156.22916206083843
113.58885017421608	1.5189123742933467e-05	5.01364241196548e-05	-0.021617975281181052	0.011722185609900588	459.8131715174494	156.22916206088559
114.28571428571433	2.3012509246945434e-05	4.6834540205392326e-05	-0.02062175911179583	0.014362213888827365	476.0549056512021	156.22916206092845
114.98257839721259	3.0170223262636735e-05	4.232428020495499e-05	-0.017638316502190898	0.01651991065296772	460.81744248020766	156.22916206096698
115.67944250871085	3.647834838361103e-05	3.673463166215123e-05	-0.013377417809317838	0.019369848409876975	446.99571828934734	156.22916206100174
116.3763066202091	4.177710726149209e-05	3.02218778050848e-05	-0.009327120446315073	0.022904882193242618	465.93753763836213	156.2291620610328
117.07317073170736	4.5934814622266904e-05	2.2965241226016184e-05	-0.00632388484185548	0.025883054504604392	505.86109283991345	156.22916206106026
117.77003484320562	4.885106044679646e-05	1.5161965566743793e-05	-0.0038040452221494167	0.027040571557164758	526.9393572688639	156.2291620610844
118.46689895470388	5.045904715093591e-05	7.021969673863962e-06	-0.00048726338531778954	0.026332809070679603	513.2688382153452	156.2291620611052
119.16376306620214	5.072702670045141e-05	-1.237781458700414e-06	0.004214645728582621	0.024946412704404595	493.51104761184695	156.22916206112322
119.8606271777004	4.965880787914735e-05	-9.399038645168984e-06	0.009499639038813882	0.024080460152486306	503.10250702184317	156.22916206113814
120.55749128919865	4.729332868334373e-05	-1.7248011074244022e-05	0.013892620322591047	0.02374161993340147	537.6314685025043	156.2291620611505
121.25435540069691	4.370331344800187e-05	-2.4580939188969236e-05	0.016642570491139593	0.022773785896693575	558.5787527599304	156.22916206116014
121.95121951219517	3.899305815949106e-05	-3.1209353509434045e-05	0.018380956084241222	0.02008163260951137	543.8811923566495	156.22916206116759
122.64808362369342	3.329540984135072e-05	-3.696488465973574e-05	0.020382317121969067	0.01579753285837344	516.9382001052344	156.2291620611726
123.34494773519168	2.676802642036735e-05	-4.1703502892736735e-05	0.023189438530549264	0.01120808454895809	515.9808910261618	156.22916206117534
124.04181184668994	1.958902148361917e-05	-4.5309081523348676e-05	0.026003255926988524	0.007522450011937462	544.0030723432069	156.22916206117608
124.7386759581882	1.195211344009974e-05	-4.769619735330493e-05	0.02745144941181604	0.004737587327658468	564.9619834683479	156.22916206117503
125.43554006968645	4.061410447424775e-06	-4.881210195715602e-05	0.026947313409320918	0.0017473714485229913	551.2245377332049	156.22916206117216
126.13240418118471	-3.87402927642638e-06	-4.8637819977736374e-05	0.025257913376960577	-0.0024270222231889027	519.9817145309673	156.22916206116753
126.82926829268297	-1.1645717561335935e-05	-4.718835380518903e-05	0.023712086941424213	-0.007543650770847369	510.83822977643524	156.22916206116128
127.52613240418123	-1.9051191901046483e-05	-4.451199752769708e-05	0.02286131969128128	-0.01229309766737992	533.9843070143869	156.22916206115352
128.22299651567948	-2.5899264681876565e-05	-4.0688786270637114e-05	0.021954483136076088	-0.015536263388354137	556.9581074989469	156.22916206114436
128.91986062717774	-3.201493085892217e-05	-3.5828129340254534e-05	0.019751853695245715	-0.017366303920240713	547.3651385201813	156.22916206113396
129.616724738676	-3.724380908146756e-05	-3.0065696428160516e-05	0.0158420539589013	-0.018921914724315765	515.4963428579377	156.2291620611223
130.31358885017426	-4.145600461025952e-05	-2.355964496303315e-05	0.01112173347529041	-0.021152584731937433	500.9223675902105	156.2291620611095
131.0104529616725	-4.454929845103939e-05	-1.6486293039058775e-05	0.006956161089668588	-0.023796953232180954	520.6520009309664	156.22916206109568
131.70731707317077	-4.6451585614511276e-05	-9.035355838586643e-06	0.003879285546787879	-0.025609704590665153	546.8737017918764	156.2291620610808
132.40418118466903	-4.712250565324487e-05	-1.4048737383595402e-06	0.001152083671384811	-0.02559886105820475	543.4864878964324	156.22916206106513
133.10104529616729	-4.6554230221233125e-05	6.204032857509706e-06	-0.0023818398431927033	-0.024012526929269893	513.4956549953395	156.22916206104853
133.79790940766554	-4.477139463560008e-05	1.3592443649948589e-05	-0.007022703373264789	-0.02207697716786376	495.0926203801746	156.22916206103116
134.4947735191638	-4.183018288157782e-05	2.056881558872393e-05	-0.011819592267350945	-0.02076061931022606	511.5587546794909	156.2291620610131
135.19163763066206	-3.781659739336096e-05	2.6953923019512403e-05	-0.01545051549218452	-0.019823428503786582	540.7130441400549	156.22916206099435
135.88850174216032	-3.284396591739869e-05	3.258543420551539e-05	-0.01747841646626763	-0.01811255342933654	543.9897017672833	156.22916206097503
136.58536585365857	-2.704975711780376e-05	3.732200821419327e-05	-0.01870929401797448	-0.014794228879763838	517.0090962800222	156.22916206095525
137.28222996515683	-2.0591793919030584e-05	4.1046809674735197e-05	-0.02029775667597186	-0.01026487968756581	495.3051286565682	156.22916206093484
137.9790940766551	-1.3643968454243752e-05	4.367035497682108e-05	-0.022517391035897377	-0.005818259198222728	507.69026888104565	156.22916206091412
138.67595818815334	-6.391574510027329e-06	4.5132621646769286e-05	-0.024446258049028387	-0.002412914903183242	538.4266717151887	156.22916206089295
139.3728222996516	9.736177440381108e-07	4.540437238524209e-05	-0.02488085727601823	0.0002062878861924199	547.8292536143298	156.2291620608715
140.06968641114986	8.258414337470344e-06	4.4487666111490743e-05	-0.023543907192133697	0.0031468020799236465	524.287035672446	156.22916206084966
140.76655052264812	1.527324486932511e-05	4.24155497157118e-05	-0.0213596424553514	0.007144681808903016	499.47254087654085	156.22916206082766
141.46341463414637	2.18370734110221e-05	3.925094557287159e-05	-0.019523942558839717	0.01172761173206393	506.78201268384754	156.22916206080524
142.16027874564463	2.7782046424200234e-05	3.508477062062086e-05	-0.01831997899487073	0.015612873903342477	537.5069206991924	156.22916206078278
142.8571428571429	3.295775907485062e-05	3.003334245139794e-05	-0.016881076600946895	0.017930372053119904	552.2238477362384	156.2291620607602
143.55400696864115	3.7235032298401426e-05	2.423514589732073e-05	-0.014133453760475534	0.01902702307115724	532.4771994105821	156.2291620607374
144.2508710801394	4.0509106590541604e-05	1.7847049546921996e-05	-0.009953349374947908	0.020041660931473557	504.9784265701031	156.22916206071454
144.94773519163766	4.270217444312286e-05	1.1040075137463503e-05	-0.005362084292382004	0.021691486884705076	506.5756449127839	156.22916206069164
145.64459930313592	4.3765191208143637e-05	3.994833481519727e-06	-0.0015659134467377169	0.02350717530190577	535.921108932552	156.2291620606687
146.34146341463418	4.3678923374206704e-05	-3.1032517371911048e-06	0.0011800398629445903	0.024290042841603795	555.2212817676854	156.22916206064582
147.03832752613243	4.2454213405796754e-05	-1.0068806501004038e-05	0.0037329034818092428	0.023319982489986797	539.7884176343509	156.22916206062283
147.7351916376307	4.013146076195791e-05	-1.672132836257831e-05	0.0070937763382517395	0.021084480046524863	510.42245348929384	156.22916206059992
148.43205574912895	3.677933906095159e-05	-2.2889842878505968e-05	0.011301788903880325	0.018792593704519394	506.15080767312185	156.2291620605771
149.1289198606272	3.2492788989730415e-05	-2.841727508600585e-05	0.015315069883350853	0.017174386484309634	533.0564506081557	156.22916206055433
149.82578397212546	2.7390344972560226e-05	-3.316442492552724e-05	0.017994809842367017	0.01578712427755742	556.2924672392492	156.22916206053168
150.52264808362372	2.1610870436339863e-05	-3.701344670770356e-05	0.019189141535573863	0.013527198376255472	545.7687412432865	156.2291620605092
151.21951219512198	1.530979116489462e-05	-3.987074641324226e-05	0.019818823986792838	0.009819177381459805	515.6177441075301	156.2291620604868
151.91637630662024	8.654928521622915e-06	-4.1669226411241064e-05	0.02088594323890027	0.005270045118668299	505.68499866000957	156.22916206046457
152.6132404181185	1.8220438308110866e-06	-4.2369824671701214e-05	0.022419157166372054	0.0011268216848934096	529.2951306888766	156.22916206044252
153.31010452961675	-5.009788226788251e-06	-4.196231425840857e-05	0.023426346922499366	-0.001906609942401574	555.773929445065	156.2291620604206
154.006968641115	-1.1662855908777285e-05	-4.046534832007428e-05	0.02289659755104193	-0.0042916125447800876	550.6566864699231	156.22916206039892
154.70383275261327	-1.7965414777526766e-05	-3.792575546303985e-05	0.020828725777832544	-0.007090856615680542	520.8820708535824	156.22916206037746
155.40069686411152	-2.3756101402407895e-05	-3.4417109742215084e-05	0.01824298155665692	-0.01080016150762969	505.7153582757057	156.22916206035612
156.09756097560978	-2.8888043550564886e-05	-3.0037618095618715e-05	0.016170141285537606	-0.014766821388243916	525.2814916086088	156.22916206033506
156.79442508710804	-3.323256279880289e-05	-2.490738535751441e-05	0.01464894057183053	-0.01778253399435124	554.1723521639365	156.22916206031425
157.4912891986063	-3.668237686466897e-05	-1.9165132606619045e-05	0.012747371530176499	-0.019243913547328937	554.7422879727541	156.22916206029365
158.18815331010455	-3.915422267268587e-05	-1.2964458140307895e-05	0.009578239466065654	-0.019701669722156683	526.4618666855862	156.22916206027335
158.8850174216028	-4.059083676299862e-05	-6.4697414784937516e-06	0.005271020758279005	-0.020246818476165412	506.62967063650746	156.2291620602532
159.58188153310107	-4.096224679291865e-05	1.482007671915875e-07	0.0009128224618604316	-0.021364946052473275	521.4890669178624	156.22916206023342
160.27874564459933	-4.0266346066804394e-05	6.716592771949604e-06	-0.0024771262111521336	-0.022424693547751694	551.8170720260016	156.22916206021398
160.97560975609758	-3.8528741769738793e-05	1.3065194189572835e-05	-0.004895368320180461	-0.022315697583101254	558.1048830247403	156.22916206019474
161.67247386759584	-3.580188645484853e-05	1.9030695202843286e-05	-0.007265777636528877	-0.020581878873067772	532.3439994923368	156.2291620601758
162.3693379790941	-3.216352077707987e-05	2.4460898984436917e-05	-0.010413127323125963	-0.017897381296391866	508.53943575155733	156.22916206015705
163.06620209059236	-2.7714473042284898e-05	2.921858498350144e-05	-0.014147639104934105	-0.01540605513189601	518.1499020979594	156.22916206013858
163.7630662020906	-2.2575877414164222e-05	3.318495554788312e-05	-0.01739024572747874	-0.013600663594621983	548.8454436267248	156.22916206012047
164.45993031358887	-1.68858871489543e-05	3.626257990529489e-05	-0.019206827925337108	-0.011880303218091397	560.6488159614283	156.22916206010265
165.15679442508713	-1.0795971708944766e-05	3.837776318977672e-05	-0.019698392301637602	-0.009229325867703276	538.3268533351156	156.2291620600851
165.85365853658539	-4.466896631549901e-06	3.948228359976967e-05	-0.019846546794306717	-0.005320606894013432	511.3704104235726	156.22916206006784
166.55052264808364	1.935507507242644e-06	3.95544575394107e-05	-0.020478505807757032	-0.0009197300180331579	515.3576317297784	156.22916206005107
167.2473867595819	8.2446760783415e-06	3.8599510257398076e-05	-0.021407575118097443	0.002817514406338633	545.3194124775293	156.22916206003438
167.94425087108016	1.429762863625849e-05	3.6649247596708355e-05	-0.021620293212440418	0.0054370300625636876	562.2318429046103	156.22916206001807
168.64111498257842	1.993916290738919e-05	3.376104255483545e-05	-0.020314153153258064	0.007559886744390381	544.1502917040165	156.229162060002
169.33797909407667	2.502581707021136e-05	3.0016167932351996e-05	-0.017727959572116998	0.010164965852819199	514.9817523264278	156.22916205998627
170.03484320557493	2.942949966746874e-05	2.5517522993794122e-05	-0.014923307941717397	0.013517006768563477	513.1718726379227	156.2291620599708
170.7317073170732	3.3040695831475774e-05	2.0386817343902586e-05	-0.012744350623430965	0.01683139164847513	541.320427128143	156.22916205995568
171.42857142857144	3.5771170102128245e-05	1.4761288754505222e-05	-0.011014848088672036	0.019012978922947933	562.75490444184	156.22916205994093
172.1254355400697	3.7556099738962495e-05	8.790043131092889e-06	-0.008784204507521305	0.019714625538205598	549.5758372760585	156.2291620599263
172.82229965156796	3.8355587569535684e-05	2.63011389985104e-06	-0.005365079473614128	0.01964104385917438	519.2279637012633	156.2291620599121
173.51916376306622	3.815551983997466e-05	-3.5576553866573137e-06	-0.0011035881651948092	0.01979528215961953	511.66005085256126	156.22916205989827
174.21602787456447	3.6967751662028715e-05	-9.612797636302238e-06	0.0028994794020966437	0.020439194440694346	536.9788503991198	156.2291620598845
174.91289198606273	3.482962011840982e-05	-1.5379369413313527e-05	0.005829381889352051	0.020824510933115013	562.1872209018102	156.22916205987124
175.609756097561	3.180280246836708e-05	-2.070995197186361e-05	0.007901882613608167	0.01996288035489181	554.406626957468	156.22916205985814
176.30662020905925	2.7971553573753887e-05	-2.5469403909935967e-05	0.010059976061179029	0.01764743351040598	523.9665940477655	156.2291620598453
177.0034843205575	2.344037252537975e-05	-2.953827036960215e-05	0.012938591494906691	0.014687587245421452	510.8905206886469	156.2291620598328
177.70034843205576	1.8331162704734354e-05	-3.2815763258891525e-05	0.01615359895346269	0.012122688307504965	532.4598619340059	156.2291620598205
178.39721254355402	1.277996219756581e-05	-3.522223864438656e-05	0.018636151920751718	0.01021708219909261	560.5542559126251	156.22916205980857
179.09407665505228	6.933331910630846e-06	-3.670111095822353e-05	0.01966859362240902	0.008256016869087435	558.4782296290953	156.2291620597969
179.79094076655053	9.444970155865598e-07	-3.722015861303052e-05	0.019568220064968663	0.005343277913873178	529.0447887190198	156.22916205978555
180.4878048780488	-5.030657033228781e-06	-3.67721916221048e-05	0.019328250859464182	0.0013839134114543032	510.91059153135825	156.22916205977447
181.18466898954705	-1.0837629624522646e-05	-3.53750684802349e-05	0.019586926781414236	-0.0027477883879779555	527.9384555591346	156.22916205976358
181.8815331010453	-1.6327286641577768e-05	-3.307106640674547e-05	0.019974828155769123	-0.00602271471364944	557.9188435258784	156.22916205975307
182.57839721254356	-2.1359676422426304e-05	-2.992562569394259e-05	0.019500505537456927	-0.008223839293789658	561.6476214262864	156.22916205974266
183.27526132404182	-2.5807582772185166e-05	-2.6025504870693506e-05	0.017577092148977888	-0.010085739911121527	534.2888052076344	156.2291620597326
183.97212543554008	-2.9559725263655596e-05	-2.1476398319772276e-05	0.014644251737349753	-0.012471728177167409	511.7303128600727	156.2291620597227
184.66898954703834	-3.2523526735364886e-05	-1.6400081459255837e-05	0.011755988452988024	-0.015430606667195838	523.5808274979828	156.2291620597132
185.3658536585366	-3.4627379644605804e-05	-1.0931160321156157e-05	0.009557288155140502	-0.018092289576618074	554.3689809656037	156.22916205970378
186.06271777003485	-3.582235626555052e-05	-5.21351200598083e-06	0.007689995294415479	-0.019504891167369583	563.7902069357748	156.22916205969474
186.7595818815331	-3.608332247019213e-05	6.034901456833258e-07	0.005226820452010416	-0.019559937236175554	539.5033619302875	156.2291620596859
187.45644599303137	-3.540943043503003e-05	6.368867927930642e-06	0.001685777570926176	-0.01906747075201889	513.3164347870683	156.2291620596773
188.15331010452962	-3.3823981784607495e-05	1.193394513560797e-05	-0.002409156263934191	-0.018910258564630373	519.5343645756361	156.22916205966885
188.85017421602788	-3.1373668941773765e-05	1.71561691586792e-05	-0.0059893152335144684	-0.01914072537389423	550.0123590481702	156.2291620596607
189.54703832752614	-2.8127218415740918e-05	2.1902749428431545e-05	-0.008452771827744059	-0.018937275909163852	564.8031347617928	156.22916205965268
190.2439024390244	-2.4173474991685877e-05	2.605402021892465e-05	-0.010198550514994437	-0.017459396306427715	544.4778933292456	156.229162059645
190.94076655052265	-1.961897988057041e-05	2.9506443024577244e-05	-0.012146030555968582	-0.014728530274935238	515.593057098039	156.22916205963756
191.6376306620209	-1.4585108598201099e-05	3.217517359287567e-05	-0.01473441222550113	-0.011640088708122678	515.9224016071207	156.22916205963026
192.33449477351917	-9.204845191119166e-06	3.399613038814813e-05	-0.017421804688471723	-0.009098147499259347	544.9733828479351	156.22916205962312
193.03135888501743	-3.6192782804976744e-06	3.492751452156774e-05	-0.019190834471452395	-0.0071543428713301315	564.6103141640281	156.22916205961627
193.72822299651568	2.0260890180900728e-06	3.495074562770541e-05	-0.01954346716880079	-0.005023231749862207	548.9951728199085	156.22916205960965
194.42508710801394	7.58511907372143e-06	3.407079342776339e-05	-0.01897392487157424	-0.0019522121019466257	518.44491338207	156.22916205960314
195.1219512195122	1.2914811708747231e-05	3.231590040292382e-05	-0.018443325605598963	0.0019429750988727095	512.8402404278758	156.22916205959677
195.81881533101046	1.7878971120848827e-05	2.9736706689571497e-05	-0.01839486314316482	0.005726511158604357	539.3894472599504	156.22916205959064
196.5156794425087	2.2351674046854194e-05	2.64048036110024e-05	-0.018311367692797658	0.008522635541372524	563.1659861572703	156.22916205958475
197.21254355400697	2.622045119281117e-05	2.2410756779610275e-05	-0.01726111130239666	0.010331950089471971	552.8394238300272	156.22916205957898
197.90940766550523	2.93891019182738e-05	1.786165307432334e-05	-0.014872320345995603	0.011957678001960124	521.7209807110164	156.22916205957335
198.60627177700349	3.1780072083269886e-05	1.2878237687948268e-05	-0.011744565492514068	0.014123072587593693	510.350696934911	156.22916205956807
199.30313588850174	3.333633669653495e-05	7.591717544529281e-06	-0.008881606286746136	0.01668133783994705	533.4049624948815	156.22916205956284
200.0	3.402274208025046e-05	2.1403154705538516e-06	-0.0067251726081785385	0.018720617254146654	560.4552710234598	156.22916205955778
